# Format version 3
# nfields = 2
# NDim = 2
# PW grid = 32 32 
# k-space data = 1 , complex data = 1
# Columns: kx ky indxx indxy fielddata
 0.0000  0.0000 0 0             4.06                0  2.775557562e-17                0 
 0.0000  0.9112 0 1   -1.0280405e-15  7.097187421e-16  8.890457814e-17  2.504507018e-17 
 0.0000  1.8225 0 2    0.02181720952     -3.084012163    -0.0097992483       1.38518881 
 0.0000  2.7337 0 3 -2.767832621e-16  3.998944188e-16  6.836436799e-16  6.212478448e-17 
 0.0000  3.6449 0 4     -0.187890032  -0.002658559697   -0.08781843759   -0.00124252952 
 0.0000  4.5561 0 5 -1.667909517e-16  3.639531168e-16  2.606489785e-16 -7.242809325e-17 
 0.0000  5.4674 0 6   0.001318597393    -0.0621181948  -0.002128165995     0.1002625339 
 0.0000  6.3786 0 7  3.145439909e-16  3.857997906e-16  4.407959458e-18 -1.252829492e-16 
 0.0000  7.2898 0 8   -0.02328519696 -0.0006593079901    0.00440567505   0.000124846231 
 0.0000  8.2010 0 9   1.50062051e-16 -3.599712149e-16  4.049545936e-16  1.370711067e-16 
 0.0000  9.1123 0 10 -4.825679042e-05   0.001361208574 -0.0003039149163   0.008602080538 
 0.0000 10.0235 0 11 -2.842187291e-16 -4.042676499e-17 -2.464908228e-17 -1.653329962e-16 
 0.0000 10.9347 0 12  -0.001242154154 -5.397533581e-05   0.002463897997  0.0001042766041 
 0.0000 11.8459 0 13   1.19865697e-16  7.053245734e-16 -2.330126757e-16 -4.538931927e-17 
 0.0000 12.7572 0 14 -2.199671466e-05  0.0003649448376  -5.27436743e-06  0.0002059708015 
 0.0000 13.6684 0 15 -5.012424668e-17  4.768235062e-16  3.968574351e-17 -3.345935519e-16 
 0.0000 14.5796 0 16  7.484015954e-06                0  0.0004934734017                0 
-0.0000 -13.6684 0 -15 -5.012424668e-17 -4.768235062e-16  3.968574351e-17  3.345935519e-16 
-0.0000 -12.7572 0 -14 -2.199671466e-05 -0.0003649448376  -5.27436743e-06 -0.0002059708015 
-0.0000 -11.8459 0 -13   1.19865697e-16 -7.053245734e-16 -2.330126757e-16  4.538931927e-17 
-0.0000 -10.9347 0 -12  -0.001242154154  5.397533581e-05   0.002463897997 -0.0001042766041 
-0.0000 -10.0235 0 -11 -2.842187291e-16  4.042676499e-17 -2.464908228e-17  1.653329962e-16 
-0.0000 -9.1123 0 -10 -4.825679042e-05  -0.001361208574 -0.0003039149163  -0.008602080538 
-0.0000 -8.2010 0 -9   1.50062051e-16  3.599712149e-16  4.049545936e-16 -1.370711067e-16 
-0.0000 -7.2898 0 -8   -0.02328519696  0.0006593079901    0.00440567505  -0.000124846231 
-0.0000 -6.3786 0 -7  3.145439909e-16 -3.857997906e-16  4.407959458e-18  1.252829492e-16 
-0.0000 -5.4674 0 -6   0.001318597393     0.0621181948  -0.002128165995    -0.1002625339 
-0.0000 -4.5561 0 -5 -1.667909517e-16 -3.639531168e-16  2.606489785e-16  7.242809325e-17 
-0.0000 -3.6449 0 -4     -0.187890032   0.002658559697   -0.08781843759    0.00124252952 
-0.0000 -2.7337 0 -3 -2.767832621e-16 -3.998944188e-16  6.836436799e-16 -6.212478448e-17 
-0.0000 -1.8225 0 -2    0.02181720952      3.084012163    -0.0097992483      -1.38518881 
-0.0000 -0.9112 0 -1   -1.0280405e-15 -7.097187421e-16  8.890457814e-17 -2.504507018e-17 

 1.5786 -0.0000 1 0   2.50354163e-15 -5.755928175e-15 -1.128486965e-15  2.364253354e-15 
 1.5786  0.9112 1 1       2.15531512      2.205841078     -0.968064716    -0.9907585775 
 1.5786  1.8225 1 2  2.874734876e-15 -2.674293926e-16 -1.444589699e-15 -1.438550881e-16 
 1.5786  2.7337 1 3   -0.06545038298    0.06305228334     0.2090859168    -0.2014252437 
 1.5786  3.6449 1 4  6.790913466e-16 -6.445760925e-16 -3.454538952e-16 -3.500929741e-17 
 1.5786  4.5561 1 5     0.1141082765     0.1201376534   -0.07057878267   -0.07430809218 
 1.5786  5.4674 1 6   1.84935751e-16 -3.758201356e-16 -2.212916647e-16  1.346068542e-16 
 1.5786  6.3786 1 7    0.01545175475   -0.01446971191    0.02207481437   -0.02067200752 
 1.5786  7.2898 1 8  7.256983963e-16 -3.781524186e-16 -3.838313681e-16  2.867077139e-16 
 1.5786  8.2010 1 9   0.004250890382    0.00460463873   -0.01059154219   -0.01147192665 
 1.5786  9.1123 1 10 -1.963746509e-16   3.17898944e-16 -2.144180749e-16  9.278263675e-17 
 1.5786 10.0235 1 11   0.002069325868  -0.001882543655 -0.0003252709253  0.0002950802002 
 1.5786 10.9347 1 12  2.245125924e-17 -4.231706492e-17  -2.11776589e-16 -8.850909325e-17 
 1.5786 11.8459 1 13 -0.0001252533655  -0.000139526767 -0.0009226640531  -0.001023568551 
 1.5786 12.7572 1 14 -9.345179524e-17 -1.077228014e-17   9.41671306e-17  1.369550269e-16 
 1.5786 13.6684 1 15  8.624039183e-05  -6.73818854e-05 -0.0002843903113  0.0002545280087 
 1.5786 14.5796 1 16  8.994651733e-16  1.363089401e-16 -2.749697153e-16  1.106768043e-17 
 1.5786 -13.6684 1 -15  8.514471129e-05  6.876119401e-05 -0.0002802568522 -0.0002590722934 
 1.5786 -12.7572 1 -14  7.751863837e-17   5.92693415e-17 -6.134696808e-17 -1.810254483e-16 
 1.5786 -11.8459 1 -13 -0.0001274828207  0.0001374927442  -0.000939018846   0.001008585713 
 1.5786 -10.9347 1 -12 -1.321913487e-17  1.798006436e-16 -2.343504697e-16  6.751588684e-18 
 1.5786 -10.0235 1 -11   0.002038758334   0.001915605547 -0.0003204794844 -0.0003002772044 
 1.5786 -9.1123 1 -10  -5.29087091e-17 -3.152107991e-16 -2.976006574e-16  7.390373675e-17 
 1.5786 -8.2010 1 -9   0.004324451288  -0.004535624315   -0.01077481059    0.01129997008 
 1.5786 -7.2898 1 -8  6.924072621e-16   1.34150974e-16 -4.080037741e-16 -3.675321232e-16 
 1.5786 -6.3786 1 -7    0.01521686362    0.01471653318    0.02173923957    0.02102462336 
 1.5786 -5.4674 1 -6  -1.63858939e-16  4.543400304e-16  7.507669603e-17 -2.882357211e-16 
 1.5786 -4.5561 1 -5      0.116027108    -0.1182855221   -0.07176562714    0.07316250329 
 1.5786 -3.6449 1 -4  6.022439311e-16  1.799962439e-17 -1.327812434e-16 -1.243635891e-16 
 1.5786 -2.7337 1 -3   -0.06442708025   -0.06409753815     0.2058168996     0.2047643848 
 1.5786 -1.8225 1 -2 -8.807470038e-16 -4.061200587e-16   7.25024944e-16  5.051931673e-16 
 1.5786 -0.9112 1 -1      2.190538888     -2.170865612    -0.9838855524     0.9750492669 

 3.1572 -0.0000 2 0   -0.09084548497  -0.001462345021     0.2903403383   0.004673625205 
 3.1572  0.9112 2 1 -6.880831102e-16  2.540106229e-16  8.468236004e-16 -5.053559158e-16 
 3.1572  1.8225 2 2  -0.004351351309     0.1877716916  -0.002036981417    0.08789780683 
 3.1572  2.7337 2 3  5.898612829e-17   7.43023971e-16  2.916885093e-16 -1.362287683e-16 
 3.1572  3.6449 2 4    -0.1655919535  -0.005009693471     0.1024185232   0.003098502803 
 3.1572  4.5561 2 5  -4.96264847e-16  2.109530359e-16  4.541691187e-16 -1.825577255e-16 
 3.1572  5.4674 2 6 -0.0004618755041    0.01237310649  -0.001773267608    0.04749493478 
 3.1572  6.3786 2 7 -8.570677302e-17  1.012622811e-16  1.903318036e-16  -6.17504905e-17 
 3.1572  7.2898 2 8   -0.01282937478 -0.0005700613664    0.01567764282  0.0006965666551 
 3.1572  8.2010 2 9  6.155902452e-17  2.370728387e-16  9.874260099e-17  8.711564418e-17 
 3.1572  9.1123 2 10 -0.0001536086552   0.002982989712 -0.0001622629413    0.00315722436 
 3.1572 10.0235 2 11  9.923005354e-17  3.827537281e-17 -9.149004811e-17  2.792110914e-17 
 3.1572 10.9347 2 12 -0.0004375792606 -2.679138448e-05   0.002217105129  0.0001300516357 
 3.1572 11.8459 2 13    6.5503544e-17  1.827884103e-16  1.059512253e-16   1.66758513e-17 
 3.1572 12.7572 2 14 -2.290918334e-05  0.0003118990865  1.291405344e-05 -0.0001184309718 
 3.1572 13.6684 2 15 -2.622334938e-16  9.229597279e-17  1.966948484e-16   -8.6341874e-17 
 3.1572 14.5796 2 16  7.603470419e-05  1.223935012e-06  0.0003249410612  5.230595045e-06 
 3.1572 -13.6684 2 -15  1.502500924e-16 -3.142745664e-16  7.444926655e-17 -8.517126877e-18 
 3.1572 -12.7572 2 -14 -1.285860009e-05 -0.0003124748426  9.095570025e-06  0.0001187852619 
 3.1572 -11.8459 2 -13 -5.768956818e-18 -2.131622432e-16 -2.824559203e-17  1.064794242e-17 
 3.1572 -10.9347 2 -12 -0.0004382148539  1.269367602e-05   0.002220142267 -5.862500786e-05 
 3.1572 -10.0235 2 -11 -1.298629474e-16   8.81686371e-17  8.605217108e-17  -8.56984912e-17 
 3.1572 -9.1123 2 -10 -5.751923315e-05   -0.00298638825 -6.056115827e-05  -0.003160811172 
 3.1572 -8.2010 2 -9  5.240575256e-17  -3.12120937e-17  1.744910105e-16 -1.371180255e-17 
 3.1572 -7.2898 2 -8   -0.01284107579    0.00015684264    0.01569193983 -0.0001916086702 
 3.1572 -6.3786 2 -7 -5.190726169e-18  1.349457426e-17 -4.822595221e-17   1.48664266e-16 
 3.1572 -5.4674 2 -6 -6.339817726e-05   -0.01238156185 -0.0002436875633   -0.04752740183 
 3.1572 -4.5561 2 -5 -4.865919866e-17 -1.430230138e-16 -3.128289955e-17 -1.305907406e-16 
 3.1572 -3.6449 2 -4    -0.1656674018 -0.0003226075171     0.1024651882   0.000199522141 
 3.1572 -2.7337 2 -3 -4.058471347e-16  6.435436473e-16    2.7160549e-17 -2.880753696e-16 
 3.1572 -1.8225 2 -2   0.001694480673    -0.1878144594  0.0007931330365   -0.08791782913 
 3.1572 -0.9112 2 -1 -1.272082852e-15  2.626278395e-16  2.521978328e-16 -9.330969969e-16 

 4.7358 -0.0000 3 0 -3.220466393e-16  8.090363172e-16 -1.681224058e-16 -4.440699348e-16 
 4.7358  0.9112 3 1    -0.1138439691    -0.1203276208    0.07041729844    0.07442769231 
 4.7358  1.8225 3 2 -5.284828739e-16 -7.753919079e-17  3.101152993e-16  1.885248368e-16 
 4.7358  2.7337 3 3    0.04542446869   -0.04237192432   -0.07331913833    0.06839203826 
 4.7358  3.6449 3 4  2.900875216e-16 -1.549332048e-16 -1.804384688e-16  3.694656497e-16 
 4.7358  4.5561 3 5   -0.01432340089   -0.01557468215   -0.02047070807   -0.02225914662 
 4.7358  5.4674 3 6 -3.001800499e-18  1.099072293e-16 -1.589168598e-16  2.269256251e-17 
 4.7358  6.3786 3 7   0.009513459866  -0.008625727879   -0.01162444748     0.0105396264 
 4.7358  7.2898 3 8 -1.447521854e-16 -4.127233545e-17  3.084678212e-18   1.36818834e-17 
 4.7358  8.2010 3 9  -0.001798908862  -0.002012162099  -0.003205001828  -0.003585640473 
 4.7358  9.1123 3 10  2.004545202e-16  4.686415909e-17  2.079364881e-17 -6.458777448e-18 
 4.7358 10.0235 3 11  0.0007164816033 -0.0006310046637  -0.001825695348    0.00160793239 
 4.7358 10.9347 3 12 -3.257603097e-17  1.260678429e-16 -6.847937015e-18  6.427968298e-17 
 4.7358 11.8459 3 13 -0.0002659316073 -0.0003046842134 -0.0001175996163 -0.0001333388707 
 4.7358 12.7572 3 14  1.077494246e-16  1.707432754e-16 -6.854049527e-17 -1.144772251e-16 
 4.7358 13.6684 3 15 -1.723999792e-05  2.074521695e-05 -0.0001842043936  0.0001520084037 
 4.7358 14.5796 3 16  3.192572704e-19 -2.764439615e-16 -2.209325684e-17  1.114987696e-16 
 4.7358 -13.6684 3 -15   -1.6218568e-05  -2.15531809e-05 -0.0001766525085  -0.000160722446 
 4.7358 -12.7572 3 -14 -8.581467912e-17 -2.219095855e-17 -2.714360654e-17  6.749783147e-17 
 4.7358 -11.8459 3 -13 -0.0002803282108  0.0002914930255 -0.0001238985761  0.0001275071255 
 4.7358 -10.9347 3 -12 -3.977867736e-17 -2.092498529e-16  8.866380009e-18  6.274641132e-17 
 4.7358 -10.0235 3 -11  0.0006851889939  0.0006648524769  -0.001745955267  -0.001694181301 
 4.7358 -9.1123 3 -10 -3.744780424e-17 -9.032300826e-17 -2.665129825e-17  7.954956863e-17 
 4.7358 -8.2010 3 -9  -0.001893935595   0.001922986575  -0.003374338665   0.003426761284 
 4.7358 -7.2898 3 -8 -2.340817995e-16 -3.911171099e-17 -3.401078908e-17  3.517462603e-17 
 4.7358 -6.3786 3 -7   0.009086022356    0.00907487178    -0.0111021689   -0.01108843313 
 4.7358 -5.4674 3 -6  2.867897258e-16 -1.054811757e-16 -4.199581787e-17   6.12213645e-17 
 4.7358 -4.5561 3 -5   -0.01505846817    0.01486516308   -0.02152125744     0.0212451165 
 4.7358 -3.6449 3 -4  2.746296002e-16  1.030907005e-17 -3.348657216e-17  1.899415606e-16 
 4.7358 -2.7337 3 -3    0.04332630411    0.04451509518   -0.06993251485   -0.07185130693 
 4.7358 -1.8225 3 -2  3.392809105e-16  2.009268924e-17 -5.548562743e-16 -3.436116101e-17 
 4.7358 -0.9112 3 -1    -0.1195192761       0.11469232    0.07392771444   -0.07094202097 

 6.3144 -0.0000 4 0   -0.01236899011 -0.0003983119067   -0.04750283145  -0.001529708017 
 6.3144  0.9112 4 1  2.883716814e-16  -1.90521763e-16 -4.886624037e-16  2.311558141e-16 
 6.3144  1.8225 4 2  0.0008305005173   -0.02114001182   0.001187155873   -0.03021875206 
 6.3144  2.7337 4 3 -2.224654137e-16  2.136465363e-17 -3.797137267e-17  -1.23932694e-16 
 6.3144  3.6449 4 4    0.02325859339   0.001078574206  -0.004397044504 -0.0002038930453 
 6.3144  4.5561 4 5  1.519542318e-16   2.31205761e-17 -1.153254712e-16 -2.623540633e-17 
 6.3144  5.4674 4 6 -0.0003345701708   0.006258518433  0.0008332374373   -0.01558534038 
 6.3144  6.3786 4 7  -9.49992593e-17  2.588612043e-16 -1.213161904e-17 -5.467186147e-17 
 6.3144  7.2898 4 8   0.002979933278  0.0001804449043   0.003151114791  0.0001909414819 
 6.3144  8.2010 4 9  2.839569588e-16 -1.855807495e-17 -1.192294421e-16  9.395700007e-17 
 6.3144  9.1123 4 10  -6.45337196e-05  0.0009565733694   0.000164651086  -0.002432249251 
 6.3144 10.0235 4 11  1.693459257e-16  1.109433589e-16 -1.090498825e-17  3.894524463e-17 
 6.3144 10.9347 4 12   0.000403611375  2.962315429e-05  0.0003103529732  2.398001854e-05 
 6.3144 11.8459 4 13  1.241372351e-16   1.65561872e-17 -3.688984042e-17 -3.864917964e-17 
 6.3144 12.7572 4 14 -4.334227494e-06  5.802837676e-05  2.731687043e-05 -0.0002985857266 
 6.3144 13.6684 4 15 -2.647744291e-16   2.39277612e-16 -5.427601833e-17  1.295760921e-16 
 6.3144 14.5796 4 16  9.776657546e-05  3.148324295e-06 -3.160468473e-05 -1.017748564e-06 
 6.3144 -13.6684 4 -15 -1.265760761e-16  3.572984927e-16 -5.651014412e-17 -1.852584103e-16 
 6.3144 -12.7572 4 -14 -5.918064086e-07 -5.818700717e-05  8.049805469e-06  0.0002997246205 
 6.3144 -11.8459 4 -13 -1.241904464e-16  9.427222061e-17  2.424861273e-16  9.456049769e-17 
 6.3144 -10.9347 4 -12   0.000404681054 -3.594149915e-06  0.0003112528002 -3.962783874e-06 
 6.3144 -10.0235 4 -11  4.684601801e-17 -1.689149738e-16  1.293267669e-17 -5.995879168e-17 
 6.3144 -9.1123 4 -10 -2.855806078e-06 -0.0009587434779  7.823413379e-06   0.002437803355 
 6.3144 -8.2010 4 -9  1.687693466e-17  1.062453165e-16 -1.980650805e-17 -2.795423901e-17 
 6.3144 -7.2898 4 -8   0.002985368809   1.16524956e-05   0.003156870991  1.219117671e-05 
 6.3144 -6.3786 4 -7 -9.366135013e-17   5.34671991e-17 -1.695875846e-18 -5.190137895e-17 
 6.3144 -5.4674 4 -6  6.878482459e-05  -0.006267077375 -0.0001712216648    0.01560665892 
 6.3144 -4.5561 4 -5  1.077654679e-16 -5.891556544e-17 -5.999633075e-17   7.79965185e-17 
 6.3144 -3.6449 4 -4    0.02327979864  0.0004200764902  -0.004401052607 -7.942732323e-05 
 6.3144 -2.7337 4 -3  2.115254186e-18 -6.107991789e-17  6.127771446e-17 -1.565709964e-17 
 6.3144 -1.8225 4 -2 -0.0005313304817    0.02114964583 -0.0007595238734    0.03023252287 
 6.3144 -0.9112 4 -1  1.047127778e-16 -4.827799888e-16  9.190824039e-17  2.908974503e-16 

 7.8930 -0.0000 5 0 -2.872016979e-18  1.585503614e-17 -5.939018385e-17 -2.680241543e-17 
 7.8930  0.9112 5 1   0.008671853869   0.009466381807   -0.01059687047   -0.01156777791 
 7.8930  1.8225 5 2  2.000469018e-16  2.225020288e-16 -1.472511716e-16 -1.754686106e-16 
 7.8930  2.7337 5 3  -0.004650462451   0.004200015413    0.01158174127   -0.01045993933 
 7.8930  3.6449 5 4  2.220425735e-17  2.044997549e-16  9.585999597e-17 -1.932256262e-16 
 7.8930  4.5561 5 5  0.0009050627406   0.001016489763   0.005718797132    0.00642286138 
 7.8930  5.4674 5 6 -6.848521398e-17  2.765222359e-16   1.17425402e-16 -9.438995221e-18 
 7.8930  6.3786 5 7   -0.00210576189    0.00184833607  0.0003341058785 -0.0002932631156 
 7.8930  7.2898 5 8 -2.421490214e-16  5.679587954e-17 -2.986263894e-17 -1.123934209e-16 
 7.8930  8.2010 5 9 -0.0002937184122 -0.0003393369148   0.001454124547   0.001680235333 
 7.8930  9.1123 5 10  4.259739603e-17 -6.237395315e-17  1.637543785e-16   3.54380908e-17 
 7.8930 10.0235 5 11 -0.0003003895372   0.000256056905 -0.0001250645159  0.0001063648604 
 7.8930 10.9347 5 12 -8.829168341e-17  1.568637238e-16  1.572995018e-17  2.116416047e-17 
 7.8930 11.8459 5 13 -3.951303419e-05   -4.5912527e-05  0.0002133695503  0.0002527017801 
 7.8930 12.7572 5 14 -1.950649448e-17  7.598159019e-18  -7.79422389e-17  9.971008752e-17 
 7.8930 13.6684 5 15 -3.957470367e-05  3.277377181e-05  2.608415975e-05 -2.665189995e-05 
 7.8930 14.5796 5 16  -4.04295679e-16 -1.035799374e-16  6.156107333e-18  1.657900657e-16 
 7.8930 -13.6684 5 -15 -3.681188257e-05 -3.584916446e-05  2.385714937e-05  2.866258156e-05 
 7.8930 -12.7572 5 -14 -1.331805716e-16   3.13240824e-17  2.657324789e-17 -1.265724724e-16 
 7.8930 -11.8459 5 -13 -4.307612182e-05  4.258741289e-05  0.0002329940249 -0.0002347307798 
 7.8930 -10.9347 5 -12  2.182394267e-16 -1.094900332e-16  2.133318319e-17  2.647942402e-17 
 7.8930 -10.0235 5 -11 -0.0002788324889 -0.0002793769064 -0.0001161088978 -0.0001160747195 
 7.8930 -9.1123 5 -10 -2.792991919e-17  4.269559134e-17  1.070107447e-17 -1.485959853e-17 
 7.8930 -8.2010 5 -9 -0.0003200475541   0.000314626144   0.001584494706  -0.001557897783 
 7.8930 -7.2898 5 -8 -5.056686876e-17  2.999795186e-17  8.318687368e-17 -7.256830428e-18 
 7.8930 -6.3786 5 -7  -0.001950355813  -0.002011639025  0.0003094486397  0.0003191732012 
 7.8930 -5.4674 5 -6 -1.558302384e-16  -1.70866777e-16 -1.070989761e-16  1.090360556e-16 
 7.8930 -4.5561 5 -5  0.0009838505136 -0.0009404404124   0.006216630896  -0.005942330287 
 7.8930 -3.6449 5 -4  -7.35100503e-18 -6.020889158e-17  1.235570037e-16 -1.156172907e-16 
 7.8930 -2.7337 5 -3  -0.004297765095  -0.004560279122    0.01070336527    0.01135715781 
 7.8930 -1.8225 5 -2 -1.964901516e-16 -2.116090481e-16 -4.965002748e-18  7.698037462e-17 
 7.8930 -0.9112 5 -1   0.009404802822  -0.008738599312   -0.01149252322      0.010678439 

 9.4716 -0.0000 6 0   0.002692293061  0.0001301038992   0.004803572818  0.0002321305774 
 9.4716  0.9112 6 1  7.341272755e-17 -3.319454643e-16  9.014372622e-17  1.012677582e-16 
 9.4716  1.8225 6 2 -0.0001651170091   0.002979472813 -0.0001747233888   0.003152796497 
 9.4716  2.7337 6 3 -1.972190478e-16    1.1297197e-16  9.351388244e-17  1.965311628e-16 
 9.4716  3.6449 6 4  -0.002796359117 -0.0001748120926  0.0004435303772   2.77240746e-05 
 9.4716  4.5561 6 5 -5.311843258e-17  1.651539537e-16  3.330829523e-17  2.049039988e-17 
 9.4716  5.4674 6 6  8.702849538e-05  -0.001249954902 -0.0001709293148   0.002454822282 
 9.4716  6.3786 6 7 -5.022574236e-17  2.361481877e-16  1.396441245e-16  3.987256594e-17 
 9.4716  7.2898 6 8  -0.000186569987 -1.428522439e-05   -0.00134677709 -0.0001033278851 
 9.4716  8.2010 6 9  1.937121337e-16  1.619603524e-16  3.830672498e-17 -1.861953957e-16 
 9.4716  9.1123 6 10  2.787875661e-05 -0.0003315229045 -1.370683833e-05  0.0001618900359 
 9.4716 10.0235 6 11 -4.277560705e-18 -1.868944806e-17  4.460308134e-17   3.80749558e-17 
 9.4716 10.9347 6 12  1.236514006e-05  1.225850578e-06 -0.0002796517586 -2.508684083e-05 
 9.4716 11.8459 6 13  2.877926579e-18  2.542245617e-17 -1.503464937e-16  9.544859786e-17 
 9.4716 12.7572 6 14  4.869669862e-06 -4.230500064e-05 -1.573949463e-06  9.986853918e-06 
 9.4716 13.6684 6 15 -3.660809277e-16  1.050469488e-16 -2.776998333e-17 -2.988085487e-17 
 9.4716 14.5796 6 16 -2.783138419e-07 -1.344983141e-08 -7.346527594e-05 -3.550178027e-06 
 9.4716 -13.6684 6 -15 -2.780355057e-16  4.344402962e-16 -1.236000789e-17  7.116936469e-17 
 9.4716 -12.7572 6 -14  7.677638639e-07   4.25774272e-05 -6.036424569e-07 -1.009208518e-05 
 9.4716 -11.8459 6 -13  5.686363298e-17  2.508828333e-16 -7.365482417e-17  2.024180255e-17 
 9.4716 -10.9347 6 -12  1.242572424e-05 -2.784295477e-08 -0.0002807676528 -1.995183193e-06 
 9.4716 -10.0235 6 -11 -1.240289857e-16 -9.043418267e-17  2.640352973e-17  2.994371006e-17 
 9.4716 -9.1123 6 -10  -4.21789837e-06  0.0003326663052  1.967106921e-06 -0.0001624573533 
 9.4716 -8.2010 6 -9  1.108963771e-16 -6.972494181e-18   6.57888155e-17  4.005770843e-17 
 9.4716 -7.2898 6 -8 -0.0001870780748 -3.771154346e-06  -0.001350464869 -2.701516746e-05 
 9.4716 -6.3786 6 -7 -2.094541487e-16  1.376580386e-16  3.221287532e-17  2.730864938e-18 
 9.4716 -5.4674 6 -6 -3.390263007e-05   0.001252522187  6.657084056e-05   -0.00245986536 
 9.4716 -4.5561 6 -5  8.352043056e-17 -8.786424559e-17  7.113553809e-18  2.276648436e-17 
 9.4716 -3.6449 6 -4  -0.002800185147 -9.563849082e-05  0.0004441369476  1.517206613e-05 
 9.4716 -2.7337 6 -3 -3.213147193e-16 -1.913812881e-16  9.799161956e-17 -4.805972288e-17 
 9.4716 -1.8225 6 -2  0.0001229449466   -0.00298151076  0.0001300958801  -0.003154953102 
 9.4716 -0.9112 6 -1 -8.784656975e-17 -2.672737509e-16 -5.386970777e-17 -3.105193259e-17 

11.0503 -0.0000 7 0 -2.461956834e-17 -2.218646361e-16 -1.839228795e-16 -2.722419865e-17 
11.0503  0.9112 7 1 -0.0006347778327 -0.0007157339348   0.001617209128   0.001823455809 
11.0503  1.8225 7 2  1.349331275e-16  1.417341191e-16 -1.648854635e-16 -1.578627033e-16 
11.0503  2.7337 7 3  0.0003374110261 -0.0002950092672  -0.001671551113   0.001461496515 
11.0503  3.6449 7 4   2.72911348e-17 -1.574338023e-17 -1.725791046e-16 -7.403946807e-17 
11.0503  4.5561 7 5 -0.0001219123436 -0.0001414498923   -0.00088168653   -0.00102292267 
11.0503  5.4674 7 6  2.979226051e-17  1.219275573e-16  1.314170989e-17 -2.180522292e-16 
11.0503  6.3786 7 7  0.0003041474081 -0.0002584353966  0.0001240951219  -0.000105410551 
11.0503  7.2898 7 8 -2.729353422e-16 -2.098600676e-17  1.976898705e-16  8.847887037e-17 
11.0503  8.2010 7 9  0.0001076740141  0.0001285165746 -0.0002329549866 -0.0002781784585 
11.0503  9.1123 7 10  1.036845121e-16 -2.792201879e-16 -1.573848343e-17  1.271039465e-16 
11.0503 10.0235 7 11  2.971937529e-05 -2.464098477e-05  0.0001270780274 -0.0001047492775 
11.0503 10.9347 7 12  3.442245468e-16   1.69275845e-16 -1.821577124e-17  -1.30731816e-16 
11.0503 11.8459 7 13  2.482851191e-05  3.036112172e-05 -2.328141122e-05 -2.920689228e-05 
11.0503 12.7572 7 14  -2.45760426e-16  1.605103467e-16 -6.606926367e-17 -1.532536914e-17 
11.0503 13.6684 7 15  6.665394229e-06 -6.170353303e-06  1.932036814e-05 -1.463043396e-05 
11.0503 14.5796 7 16 -1.348240055e-16  3.076305289e-17 -4.884207112e-17  9.372050216e-17 
11.0503 -13.6684 7 -15  5.929391802e-06  6.880628708e-06  1.755294317e-05  1.670988906e-05 
11.0503 -12.7572 7 -14  7.440904789e-17 -6.628824917e-17  4.053298289e-17 -6.152217888e-17 
11.0503 -11.8459 7 -13   2.80846326e-05 -2.737710961e-05 -2.641756919e-05   2.64041416e-05 
11.0503 -10.9347 7 -12  3.633089879e-16 -2.937660194e-16 -2.733184269e-17  1.118408578e-16 
11.0503 -10.0235 7 -11  2.676051608e-05  2.782614206e-05  0.0001144951731  0.0001183726807 
11.0503 -9.1123 7 -10  1.365818646e-16   1.30531243e-16 -2.800221537e-17  4.749181906e-17 
11.0503 -8.2010 7 -9  0.0001214406083 -0.0001155957694 -0.0002627539414   0.000250223194 
11.0503 -7.2898 7 -8   5.92432426e-17  7.734115109e-17   1.09094527e-16 -1.139922803e-16 
11.0503 -6.3786 7 -7  0.0002731626918  0.0002909925152  0.0001114568396  0.0001186943825 
11.0503 -5.4674 7 -6  4.942145223e-17 -1.972209776e-16 -1.439239382e-16  1.416243637e-16 
11.0503 -4.5561 7 -5 -0.0001370427732  0.0001268462449 -0.0009911048504  0.0009173075279 
11.0503 -3.6449 7 -4 -4.087643593e-17  1.919237855e-16  -9.16198748e-17 -3.696393604e-17 
11.0503 -2.7337 7 -3  0.0003021033503  0.0003310743632  -0.001496634459  -0.001640164774 
11.0503 -1.8225 7 -2 -2.511346604e-17  2.273141273e-17  1.480905166e-16  5.018643798e-17 
11.0503 -0.9112 7 -1 -0.0007112240112  0.0006398268267   0.001811968952  -0.001630069007 

12.6289 -0.0000 8 0 -0.0003986545296 -2.570197395e-05 -0.0003173799494 -2.046205352e-05 
12.6289  0.9112 8 1 -2.890482992e-16  2.344045097e-16  1.843143693e-16 -4.954803928e-17 
12.6289  1.8225 8 2  2.825224959e-05 -0.0003947151669  1.187682864e-05 -0.0001659141673 
12.6289  2.7337 8 3  2.494884724e-16  1.277596735e-16  1.404041813e-17  1.280442766e-16 
12.6289  3.6449 8 4  0.0003322431424  2.614546687e-05 -0.0001629819314 -1.282894253e-05 
12.6289  4.5561 8 5 -1.548647278e-16  7.273641325e-17 -1.412376618e-16  3.241425683e-17 
12.6289  5.4674 8 6 -1.431523937e-05  0.0001667600227  3.103814062e-05 -0.0003616975436 
12.6289  6.3786 8 7  1.535162514e-17 -4.061014762e-17 -2.144924592e-16 -1.935639691e-17 
12.6289  7.2898 8 8  3.575107273e-06  3.399150551e-07  0.0002505931335  2.326918647e-05 
12.6289  8.2010 8 9  3.166209157e-18  3.035469621e-16 -1.291047618e-17 -1.247975993e-16 
12.6289  9.1123 8 10 -5.544167038e-06   5.51616925e-05  -2.67584577e-06  2.642774518e-05 
12.6289 10.0235 8 11 -2.231967815e-16 -7.076579109e-17  1.945300102e-16  8.497455703e-17 
12.6289 10.9347 8 12 -1.966356335e-05 -2.039201079e-06  5.408710479e-05  5.669071154e-06 
12.6289 11.8459 8 13   4.70545331e-17  1.326301394e-16  1.273871378e-16  2.192517255e-16 
12.6289 12.7572 8 14 -8.181584598e-07  6.118285894e-06 -1.907829056e-06  1.402601723e-05 
12.6289 13.6684 8 15 -1.572172692e-16 -5.621422166e-17 -1.165323312e-16  4.972837789e-17 
12.6289 14.5796 8 16  -8.27384878e-06 -5.334275033e-07  1.498473457e-05  9.660956938e-07 
12.6289 -13.6684 8 -15 -6.687675843e-17 -1.863844848e-16  9.477486058e-17 -6.377896042e-17 
12.6289 -12.7572 8 -14 -2.573962587e-08 -6.172693627e-06 -9.096399674e-08  -1.41548825e-05 
12.6289 -11.8459 8 -13 -1.019261215e-17  1.424029144e-17   1.18574607e-16 -2.313818726e-17 
12.6289 -10.9347 8 -12 -1.976262584e-05 -5.026727202e-07  5.436729232e-05  1.323166655e-06 
12.6289 -10.0235 8 -11 -2.620620412e-16  7.632232723e-17 -1.387215504e-16 -5.505735333e-17 
12.6289 -9.1123 8 -10  1.585025635e-06 -5.541694509e-05  7.398989824e-07 -2.655255961e-05 
12.6289 -8.2010 8 -9  5.520791344e-17   7.67098448e-17  1.222082196e-16  3.497144929e-17 
12.6289 -7.2898 8 -8  3.589158596e-06  1.219648007e-07  0.0002515065125  9.102077321e-06 
12.6289 -6.3786 8 -7 -4.295134669e-17  1.011221814e-16 -7.506405979e-17  7.081195439e-19 
12.6289 -5.4674 8 -6  7.216911025e-06 -0.0001672176648 -1.566433103e-05  0.0003626887204 
12.6289 -4.5561 8 -5 -1.236397052e-16 -5.842494457e-17  1.080204177e-16  -1.17361497e-16 
12.6289 -3.6449 8 -4  0.0003328498987  1.673427944e-05 -0.0001632799974 -8.205740326e-06 
12.6289 -2.7337 8 -3  1.818342569e-16 -1.828371439e-16  2.444875899e-17  2.808083627e-17 
12.6289 -1.8225 8 -2 -2.266695883e-05  0.0003950752607 -9.526510243e-06  0.0001660656966 
12.6289 -0.9112 8 -1  2.385244779e-18 -3.317658648e-17  3.903127821e-18  1.917953643e-16 

14.2075 -0.0000 9 0 -3.250335359e-17 -4.357925068e-17  -1.75242706e-16 -8.442941166e-17 
14.2075  0.9112 9 1  3.546880736e-05  4.131291142e-05 -0.0002114230951 -0.0002462580918 
14.2075  1.8225 9 2 -4.245214032e-17  1.179913122e-16 -4.863450808e-17 -4.432264501e-17 
14.2075  2.7337 9 3 -1.017132428e-05  8.609167856e-06  0.0002118393555 -0.0001792854991 
14.2075  3.6449 9 4  3.249002835e-17 -1.537027797e-16 -1.074524426e-16  2.551493197e-17 
14.2075  4.5561 9 5  2.426527594e-05  2.908548601e-05  0.0001061671489   0.000127265051 
14.2075  5.4674 9 6 -1.350121174e-17 -1.766675361e-16  1.475540185e-17 -1.084018874e-16 
14.2075  6.3786 9 7 -4.299526927e-05  3.536166017e-05 -2.073206416e-05  1.705003222e-05 
14.2075  7.2898 9 8  1.792068317e-16   2.41079072e-17  5.770799164e-17  7.629787288e-17 
14.2075  8.2010 9 9 -1.925409536e-05   -2.3764361e-05  3.118703567e-05  3.851066699e-05 
14.2075  9.1123 9 10  2.646667228e-16 -6.750362498e-17 -3.051301548e-18 -1.568493619e-16 
14.2075 10.0235 9 11 -3.339189565e-07  2.962637683e-07  -2.93170766e-05  2.344815698e-05 
14.2075 10.9347 9 12  3.124330326e-16  2.948643742e-16  1.520713284e-17  3.758327621e-17 
14.2075 11.8459 9 13 -4.626796728e-06  -5.95029024e-06 -1.790840025e-06 -2.061344788e-06 
14.2075 12.7572 9 14  6.341910826e-17  2.486656358e-16 -1.125416349e-16  2.240761114e-16 
14.2075 13.6684 9 15  6.020403814e-07 -2.899405717e-07 -6.883415785e-06   5.52387579e-06 
14.2075 14.5796 9 16 -4.553291778e-17   1.59540132e-16 -1.160810034e-17 -4.719091284e-17 
14.2075 -13.6684 9 -15  5.538710019e-07  3.738196194e-07 -6.013903272e-06 -6.459687811e-06 
14.2075 -12.7572 9 -14 -2.095101271e-16 -1.434694814e-16 -2.452702053e-17 -4.576655129e-17 
14.2075 -11.8459 9 -13  -5.43729764e-06  5.220057228e-06 -2.069645872e-06  1.781240893e-06 
14.2075 -10.9347 9 -12  2.605399143e-16  5.975029561e-17  7.836841945e-17  1.191587034e-17 
14.2075 -10.0235 9 -11 -2.876475581e-07 -3.413702608e-07 -2.562513615e-05 -2.743463953e-05 
14.2075 -9.1123 9 -10  9.926927904e-17 -1.515048697e-16 -3.771538757e-17  1.460305604e-16 
14.2075 -8.2010 9 -9 -2.248292776e-05  2.073603127e-05  3.641961599e-05  -3.36052706e-05 
14.2075 -7.2898 9 -8  1.043449747e-16 -1.960844531e-16  -1.11544334e-18  1.137218132e-16 
14.2075 -6.3786 9 -7 -3.744030025e-05 -4.119786534e-05 -1.805370428e-05 -1.986418516e-05 
14.2075 -5.4674 9 -6  2.720176511e-16  2.628598502e-16 -1.239495951e-16  1.568586627e-17 
14.2075 -4.5561 9 -5  2.820976841e-05 -2.527801581e-05  0.0001234264421 -0.0001106063746 
14.2075 -3.6449 9 -4  2.002108135e-16  1.084163457e-16 -1.241938012e-16 -5.009008199e-17 
14.2075 -2.7337 9 -3 -8.822039412e-06 -9.987253318e-06  0.0001837398553  0.0002079876638 
14.2075 -1.8225 9 -2  1.900735712e-16 -4.516925966e-17  1.355828575e-16  3.745981241e-17 
14.2075 -0.9112 9 -1  4.106100112e-05 -3.576013328e-05 -0.0002447571635  0.0002131588698 

15.7861 -0.0000 10 0  5.134203487e-05  4.140896098e-06 -3.070309154e-06 -2.475513266e-07 
15.7861  0.9112 10 1  2.037918066e-16  2.050214867e-16 -2.213553103e-16  4.651254738e-17 
15.7861  1.8225 10 2 -4.268537729e-06  4.862989176e-05  1.334796331e-06 -1.520178938e-05 
15.7861  2.7337 10 3 -1.366035045e-16  1.416943392e-17  1.651867396e-16  1.536866772e-16 
15.7861  3.6449 10 4 -3.819383307e-05 -3.625648316e-06  4.043402631e-05  3.837819477e-06 
15.7861  4.5561 10 5 -2.108938669e-17  3.369982659e-17 -1.769808607e-17  2.667692916e-17 
15.7861  5.4674 10 6  1.945013065e-06 -1.906110796e-05 -5.402338113e-06  5.296751034e-05 
15.7861  6.3786 10 7  4.312904221e-17 -1.796264611e-17 -2.058799509e-16   7.87534335e-17 
15.7861  7.2898 10 8 -2.073311803e-07 -2.640789425e-08 -3.712574143e-05 -4.054483825e-06 
15.7861  8.2010 10 9 -2.680084227e-18 -8.868694542e-18 -7.313216855e-17 -1.401400549e-16 
15.7861  9.1123 10 10  9.458925131e-07 -8.156844871e-06  9.528990722e-07 -8.021830961e-06 
15.7861 10.0235 10 11 -2.092870497e-17  5.325709956e-18  1.545513681e-16 -4.811867086e-17 
15.7861 10.9347 10 12  4.824024291e-06   5.73617033e-07 -7.150101135e-06 -8.875429318e-07 
15.7861 11.8459 10 13 -1.864444855e-18  -1.54191337e-17  1.333722121e-16  2.621393089e-16 
15.7861 12.7572 10 14  3.896894164e-08 -4.160865136e-07  6.369248742e-07 -3.985330223e-06 
15.7861 13.6684 10 15 -7.413845148e-17  8.640095728e-17 -2.367822448e-16 -1.953041107e-17 
15.7861 14.5796 10 16  2.247583607e-06  1.812618192e-07 -5.336475281e-07 -4.306444684e-08 
15.7861 -13.6684 10 -15 -7.229105219e-17 -2.146437585e-16  7.363266053e-18 -1.946011921e-16 
15.7861 -12.7572 10 -14 -2.820921612e-08  4.169552854e-07 -9.953216697e-09  4.035894015e-06 
15.7861 -11.8459 10 -13 -2.427874911e-17 -2.229060273e-18  1.228592969e-16  8.025651789e-17 
15.7861 -10.9347 10 -12  4.853600661e-06  2.068827092e-07 -7.199922708e-06 -2.697630396e-07 
15.7861 -10.0235 10 -11 -3.179241024e-18  1.160776279e-16 -9.034310117e-17 -8.850039441e-17 
15.7861 -9.1123 10 -10 -3.735112902e-07  8.203006854e-06 -3.450636482e-07  8.070856897e-06 
15.7861 -8.2010 10 -9  1.138483933e-17   7.25977385e-17  1.410323188e-17  1.122631937e-17 
15.7861 -7.2898 10 -8 -2.088879098e-07 -7.081684878e-09 -3.729565132e-05 -1.947796129e-06 
15.7861 -6.3786 10 -7  3.445309024e-17 -1.545614934e-16 -4.024828099e-17  6.395858478e-18 
15.7861 -5.4674 10 -6 -1.134991598e-06  1.912643988e-05  3.156149401e-06 -5.314866983e-05 
15.7861 -4.5561 10 -5  1.474877578e-17 -1.605545297e-16  1.347277024e-16   5.12399311e-17 
15.7861 -3.6449 10 -4 -3.828120637e-05 -2.542331842e-06  4.052645866e-05  2.691743298e-06 
15.7861 -2.7337 10 -3  3.635688671e-17 -3.703255497e-17  2.070288683e-16 -1.389761612e-17 
15.7861 -1.8225 10 -2  3.580252975e-06 -4.868540418e-05 -1.118594105e-06  1.521922566e-05 
15.7861 -0.9112 10 -1  1.115129244e-16  2.643518942e-18 -3.583452423e-16  2.390628135e-16 

17.3647 -0.0000 11 0 -4.378083441e-17  -2.48823899e-16  2.961558298e-16 -5.620404864e-17 
17.3647  0.9112 11 1   9.89725301e-08  1.195207202e-07  2.368182227e-05  2.849905622e-05 
17.3647  1.8225 11 2  3.611547555e-16 -3.084237504e-16  1.055293908e-17   1.23822929e-16 
17.3647  2.7337 11 3 -2.633046446e-06  2.156387667e-06 -2.334997951e-05  1.912500783e-05 
17.3647  3.6449 11 4 -7.172388318e-17  2.141780798e-16 -3.457709936e-17 -8.317866822e-17 
17.3647  4.5561 11 5 -4.525370585e-06 -5.604736049e-06    -1.054566e-05  -1.30628826e-05 
17.3647  5.4674 11 6 -4.152114763e-17  1.592365091e-16  -8.68378734e-17 -7.029085658e-17 
17.3647  6.3786 11 7  6.210031383e-06 -4.941256496e-06  1.244191153e-06 -9.935518194e-07 
17.3647  7.2898 11 8  3.951812346e-16 -2.392738364e-16  2.704311435e-17  2.343579559e-18 
17.3647  8.2010 11 9  2.856745277e-06  3.648104445e-06 -4.457094045e-06 -5.686351817e-06 
17.3647  9.1123 11 10  3.584786665e-17 -6.257013472e-17  1.459194443e-16  1.477427442e-16 
17.3647 10.0235 11 11 -3.765201982e-07  2.908723082e-07  5.106884855e-06 -3.965710503e-06 
17.3647 10.9347 11 12  2.005938497e-16 -2.238787319e-16 -1.042180887e-17  1.382812746e-16 
17.3647 11.8459 11 13  6.425393301e-07  8.729874134e-07  8.850342405e-07  1.140693551e-06 
17.3647 12.7572 11 14  4.736565292e-17 -6.357668945e-17  6.447981292e-17   -2.1347121e-17 
17.3647 13.6684 11 15 -4.478661063e-07  3.219148078e-07   1.37561586e-06 -1.121902231e-06 
17.3647 14.5796 11 16  1.064017962e-16 -2.668078854e-17  -9.24722139e-18  -1.28821754e-16 
17.3647 -13.6684 11 -15 -3.841059223e-07 -3.958174116e-07  1.156417781e-06  1.346725772e-06 
17.3647 -12.7572 11 -14  1.101993504e-16  1.266742618e-16  -1.92565682e-16  5.323746894e-17 
17.3647 -11.8459 11 -13  7.863009672e-07 -7.461192506e-07  1.072120299e-06 -9.669736363e-07 
17.3647 -10.9347 11 -12  2.213388646e-16 -1.680165361e-16 -3.085354539e-17 -2.542449238e-17 
17.3647 -10.0235 11 -11 -3.194286672e-07 -3.526160617e-07  4.328424462e-06  4.803319738e-06 
17.3647 -9.1123 11 -10 -2.008239688e-17 -1.849352448e-17  2.409728999e-17 -9.432936128e-18 
17.3647 -8.2010 11 -9  3.454643969e-06 -3.087893916e-06 -5.389177582e-06  4.812174985e-06 
17.3647 -7.2898 11 -8 -5.733133319e-17 -6.492009245e-17 -3.351215762e-17  -4.38133658e-17 
17.3647 -6.3786 11 -7  5.242558356e-06  5.957859504e-06  1.050056102e-06  1.196887276e-06 
17.3647 -5.4674 11 -6 -6.621751142e-17  2.697320742e-16 -2.787605737e-18  4.350389388e-17 
17.3647 -4.5561 11 -5 -5.441925092e-06  4.719904668e-06 -1.268128674e-05  1.100158218e-05 
17.3647 -3.6449 11 -4  1.760671429e-16 -1.616952557e-16 -1.752611168e-16  2.276231396e-17 
17.3647 -2.7337 11 -3 -2.211864348e-06  -2.58661897e-06 -1.961676575e-05 -2.293839478e-05 
17.3647 -1.8225 11 -2 -1.064835422e-17  1.386303942e-16 -1.655571751e-16 -1.614487943e-16 
17.3647 -0.9112 11 -1  1.186832344e-07 -9.997489256e-08  2.833089471e-05 -2.388274084e-05 

18.9433 -0.0000 12 0 -6.037400782e-06 -5.849246087e-07  5.198134892e-06  5.027798935e-07 
18.9433  0.9112 12 1  2.470024069e-16  6.845712278e-18 -1.951242872e-16  2.022097125e-16 
18.9433  1.8225 12 2  5.795906313e-07 -5.570423162e-06 -6.231266647e-07  5.996372044e-06 
18.9433  2.7337 12 3 -1.871308697e-18  6.997301971e-17  1.888477267e-16 -5.794098436e-17 
18.9433  3.6449 12 4  4.120144473e-06    4.5826167e-07 -7.459704008e-06  -8.28428504e-07 
18.9433  4.5561 12 5  1.393513123e-16 -1.983710699e-16 -4.746165707e-17  1.465926347e-16 
18.9433  5.4674 12 6  -2.21591831e-07  1.874396337e-06   8.88341556e-07  -7.51407143e-06 
18.9433  6.3786 12 7 -3.975650345e-17 -4.564722187e-18 -2.331531302e-17  1.179863252e-16 
18.9433  7.2898 12 8  2.787616275e-07  3.510120201e-08  4.988665238e-06  6.278888345e-07 
18.9433  8.2010 12 9  -2.40428334e-17 -3.657629687e-17 -7.000270128e-17 -2.472527631e-16 
18.9433  9.1123 12 10 -1.633685331e-07  1.250178713e-06 -1.744240806e-07  1.290709458e-06 
18.9433 10.0235 12 11 -1.089102396e-16  -3.87624322e-17  4.906928802e-17  1.598321776e-17 
18.9433 10.9347 12 12 -8.662113815e-07 -1.182928002e-07  8.780806109e-07   1.31230237e-07 
18.9433 11.8459 12 13   1.00757174e-16  5.900351569e-17 -1.148514971e-16  1.690905032e-16 
18.9433 12.7572 12 14  1.059168182e-08 -6.295455604e-09 -1.375365713e-07  7.910810973e-07 
18.9433 13.6684 12 15  4.072375472e-17  -1.41310906e-16 -1.758078587e-16 -1.394035934e-16 
18.9433 14.5796 12 16  -3.90728643e-07 -3.779062594e-08 -3.201945531e-07 -3.085381191e-08 
18.9433 -13.6684 12 -15 -2.686437489e-16  1.248515739e-16  1.362072389e-16 -2.059877096e-16 
18.9433 -12.7572 12 -14  9.164740798e-09  8.202382996e-09  1.651599103e-08 -8.027855157e-07 
18.9433 -11.8459 12 -13 -1.115817716e-16  3.875347968e-17 -2.938508787e-17  9.596680205e-17 
18.9433 -10.9347 12 -12 -8.728181749e-07 -4.997166863e-08  8.869523438e-07  3.941658777e-08 
18.9433 -10.0235 12 -11 -3.407179946e-17 -8.153047879e-17  1.071406366e-16 -4.371881827e-17 
18.9433 -9.1123 12 -10  7.923861562e-08 -1.258315376e-06  7.671262216e-08 -1.300184589e-06 
18.9433 -8.2010 12 -9  2.990940578e-17 -1.827825168e-16 -1.256884406e-16 -3.195444754e-17 
18.9433 -7.2898 12 -8  2.803489007e-07  1.859408073e-08  5.016441368e-06  3.410839606e-07 
18.9433 -6.3786 12 -7  8.852620431e-18 -4.436303834e-17 -7.576329583e-17 -1.616758396e-16 
18.9433 -5.4674 12 -6  1.427128045e-07 -1.882045859e-06 -5.697152571e-07  7.544920381e-06 
18.9433 -4.5561 12 -5  2.963904716e-16  2.379820245e-17  4.977189739e-17 -1.430785192e-16 
18.9433 -3.6449 12 -4  4.131471463e-06  3.413793228e-07  -7.48010613e-06 -6.176441957e-07 
18.9433 -2.7337 12 -3 -6.698946127e-17 -5.417713274e-17  1.631967236e-16 -3.307655191e-17 
18.9433 -1.8225 12 -2 -5.005689224e-07  5.578079638e-06  5.379772493e-07 -6.004610604e-06 
18.9433 -0.9112 12 -1  -4.91768009e-16 -6.952480051e-17 -1.280317921e-16  2.226990372e-16 

20.5219 -0.0000 13 0 -3.782499073e-16 -1.171545121e-16  2.113431303e-16  1.265910614e-16 
20.5219  0.9112 13 1 -4.898045336e-07 -6.110463156e-07 -2.307115969e-06 -2.868537381e-06 
20.5219  1.8225 13 2  6.349823719e-17 -2.107049393e-16  -4.45001605e-17  1.743824056e-16 
20.5219  2.7337 13 3   7.92904541e-07 -6.270396856e-07  2.220717923e-06 -1.760685322e-06 
20.5219  3.6449 13 4 -6.762420405e-17  1.753781586e-16 -1.269627297e-16 -2.133024609e-17 
20.5219  4.5561 13 5   7.54053592e-07   9.66746914e-07  8.219660107e-07  1.050420386e-06 
20.5219  5.4674 13 6 -4.164035852e-17  2.202841284e-17  7.217301618e-17 -1.682017065e-18 
20.5219  6.3786 13 7 -8.914503266e-07  6.850713447e-07  2.002133672e-07 -1.517936372e-07 
20.5219  7.2898 13 8 -6.445998687e-18  -1.57236969e-17   2.78733636e-17  6.151366413e-17 
20.5219  8.2010 13 9  -3.89215776e-07 -5.144855839e-07  6.929484515e-07  9.141117307e-07 
20.5219  9.1123 13 10  6.511954698e-17 -3.520998907e-17 -8.117960237e-17  1.510828024e-16 
20.5219 10.0235 13 11  8.064836166e-08 -6.169922088e-08 -8.109715297e-07  6.094508641e-07 
20.5219 10.9347 13 12  1.315837535e-16 -2.898622581e-17 -7.478141789e-18  4.834215563e-17 
20.5219 11.8459 13 13 -8.787052053e-08 -1.256762319e-07 -1.703331805e-07 -2.339930866e-07 
20.5219 12.7572 13 14 -1.505086457e-17 -9.302305247e-18  5.250761969e-17    -7.494551e-17 
20.5219 13.6684 13 15  1.193826198e-07 -8.764741294e-08 -2.257966787e-07  1.840944897e-07 
20.5219 14.5796 13 16 -1.916844799e-16  2.249979228e-17  9.868032391e-17  1.483548073e-16 
20.5219 -13.6684 13 -15   9.81975605e-08  1.108529982e-07 -1.821045598e-07  -2.27392745e-07 
20.5219 -12.7572 13 -14  3.420975336e-16 -1.220521566e-18  -2.16722787e-16 -3.423413126e-17 
20.5219 -11.8459 13 -13 -1.123242375e-07   1.04392903e-07 -2.154398485e-07  1.932989205e-07 
20.5219 -10.9347 13 -12 -4.890369963e-18  4.128691169e-17  5.964458462e-18 -1.593760064e-16 
20.5219 -10.0235 13 -11  6.612324721e-08  7.705110225e-08 -6.655022326e-07 -7.656492351e-07 
20.5219 -9.1123 13 -10 -7.417534037e-17 -1.150245801e-16   9.84052987e-17 -9.050470796e-18 
20.5219 -8.2010 13 -9  -4.87927469e-07   4.22027864e-07  8.692848647e-07 -7.484032065e-07 
20.5219 -7.2898 13 -8 -1.740791329e-16  -2.38726837e-17  5.170071651e-17  8.991157001e-17 
20.5219 -6.3786 13 -7 -7.287741331e-07 -8.560940234e-07  1.624112551e-07  1.916897874e-07 
20.5219 -5.4674 13 -6  5.446192539e-18 -3.860733852e-17  4.160714906e-17 -5.014714533e-17 
20.5219 -4.5561 13 -5  9.395994792e-07  -7.87624358e-07  1.020940002e-06 -8.583058097e-07 
20.5219 -3.6449 13 -4 -7.423865738e-17 -1.936612214e-16 -5.112970257e-17  1.373668104e-16 
20.5219 -2.7337 13 -3   6.43653443e-07  7.794784504e-07   1.80758239e-06  2.182714261e-06 
20.5219 -1.8225 13 -2  7.012850582e-17  1.822655301e-16 -1.215900486e-16 -2.209393137e-16 
20.5219 -0.9112 13 -1 -6.075514673e-07  4.941324703e-07 -2.852082279e-06  2.327426995e-06 

22.1005 -0.0000 14 0  6.450808352e-07   7.21215007e-08 -1.146107079e-06 -1.231311905e-07 
22.1005  0.9112 14 1  1.616822254e-16  6.543479184e-18 -6.899776705e-17 -1.877150442e-16 
22.1005  1.8225 14 2 -6.915427512e-08  5.799068364e-07  1.352292455e-07 -1.176574843e-06 
22.1005  2.7337 14 3  1.897864106e-16 -1.276545124e-16 -1.610359535e-17   -5.3113896e-17 
22.1005  3.6449 14 4 -3.939498216e-07  -5.01668807e-08  1.193079486e-06  1.465199557e-07 
22.1005  4.5561 14 5 -7.066835053e-17 -8.226763279e-17  7.615710352e-17 -8.578723868e-17 
22.1005  5.4674 14 6  1.843317717e-08 -1.322055077e-07 -1.355366145e-07  1.035181925e-06 
22.1005  6.3786 14 7 -5.719404582e-17 -9.656937451e-17 -9.387450115e-18  1.453419315e-16 
22.1005  7.2898 14 8 -1.044303949e-07 -1.340456093e-08 -6.364851636e-07 -8.893198344e-08 
22.1005  8.2010 14 9 -1.092719598e-16  -2.11974141e-17 -3.246963655e-17  3.098309591e-17 
22.1005  9.1123 14 10  2.858773002e-08 -2.045588399e-07  2.374610112e-08 -1.599180286e-07 
22.1005 10.0235 14 11 -3.395624202e-17 -1.702025056e-17  3.428265229e-17  4.507424973e-17 
22.1005 10.9347 14 12  1.406222049e-07  2.125342574e-08 -1.243154426e-07 -2.109640912e-08 
22.1005 11.8459 14 13 -7.301537183e-17  8.393391965e-18 -1.562867818e-17 -1.544629862e-17 
22.1005 12.7572 14 14 -3.619612193e-09  6.454808127e-09  2.581452429e-08 -1.470428435e-07 
22.1005 13.6684 14 15  2.508221141e-17 -1.478245573e-16 -7.070421674e-17  1.397754089e-16 
22.1005 14.5796 14 16  5.945664214e-08  6.376391788e-09  1.076912391e-07   1.11646023e-08 
22.1005 -13.6684 14 -15  7.274136915e-17  7.158603125e-17  2.991749258e-17  1.754182937e-17 
22.1005 -12.7572 14 -14 -2.095244828e-09 -7.055129281e-09 -5.518199842e-09  1.492149747e-07 
22.1005 -11.8459 14 -13 -8.265539422e-17  6.308021413e-19 -8.247706051e-17 -3.160742461e-17 
22.1005 -10.9347 14 -12  1.419081732e-07   9.19061138e-09 -1.259692264e-07 -5.356331962e-09 
22.1005 -10.0235 14 -11  1.023509426e-16 -4.461922973e-17 -4.511928681e-17  -5.03166076e-17 
22.1005 -9.1123 14 -10 -1.522548084e-08  2.059843473e-07 -1.243546526e-08  1.612110224e-07 
22.1005 -8.2010 14 -9   2.60781694e-16  7.421666148e-17 -1.957740358e-16  6.640992957e-19 
22.1005 -7.2898 14 -8 -1.050078771e-07 -7.715530012e-09 -6.405826942e-07 -5.170042656e-08 
22.1005 -6.3786 14 -7  1.101233676e-16 -1.788790231e-16 -1.119254414e-16  -4.88420409e-17 
22.1005 -5.4674 14 -6 -1.301195193e-08  1.328493791e-07  9.133965891e-08 -1.040007847e-06 
22.1005 -4.5561 14 -5  2.633641663e-17  5.013665229e-17 -7.801871898e-17 -1.545373349e-16 
22.1005 -3.6449 14 -4 -3.952070304e-07 -3.906065429e-08  1.196728352e-06   1.12895477e-07 
22.1005 -2.7337 14 -3   2.89481042e-17  8.484503237e-17 -6.285592262e-17 -1.905013767e-17 
22.1005 -1.8225 14 -2   6.09010594e-08 -5.808321014e-07 -1.186066187e-07  1.178368052e-06 
22.1005 -0.9112 14 -1 -2.027019376e-17    9.5733877e-17 -1.014885203e-16  2.413781451e-16 

23.6791 -0.0000 15 0 -3.672016807e-16  4.221834639e-16 -9.684587365e-17 -1.182469713e-16 
23.6791  0.9112 15 1  8.705838933e-08  1.249145421e-07  1.741078892e-07  2.294083463e-07 
23.6791  1.8225 15 2   9.82948041e-17  3.857403152e-19 -4.806095841e-17  1.279825052e-16 
23.6791  2.7337 15 3 -1.339448922e-07  9.288041763e-08 -1.607942988e-07  1.220980165e-07 
23.6791  3.6449 15 4 -5.795843485e-17 -8.682154912e-17   1.50387771e-16  2.579224835e-16 
23.6791  4.5561 15 5 -9.376100311e-08 -1.356722843e-07 -3.720991882e-08 -4.409577244e-08 
23.6791  5.4674 15 6  7.058986364e-17  1.365495792e-16 -1.235659935e-16  8.326881135e-17 
23.6791  6.3786 15 7  1.116669229e-07 -7.665606125e-08 -7.303904251e-08  4.605184626e-08 
23.6791  7.2898 15 8 -1.055107323e-16 -1.706096666e-16   1.26211244e-16 -6.055419274e-17 
23.6791  8.2010 15 9  4.193565066e-08  6.153721104e-08 -8.853960833e-08 -1.334527514e-07 
23.6791  9.1123 15 10 -1.181153314e-16  1.588184672e-16  2.281388704e-17  2.175214005e-18 
23.6791 10.0235 15 11 -9.854794861e-09   7.22372355e-09  1.101164601e-07 -7.312017798e-08 
23.6791 10.9347 15 12 -2.867257288e-16    -3.998886e-16  8.797612313e-19 -1.213868403e-17 
23.6791 11.8459 15 13  1.046723934e-08  1.740597893e-08  2.089430813e-08  3.301411667e-08 
23.6791 12.7572 15 14 -9.336361493e-18 -2.309419336e-16 -2.078289306e-17 -1.262079734e-16 
23.6791 13.6684 15 15 -2.132299107e-08  1.376614356e-08   3.14570139e-08 -2.293186634e-08 
23.6791 14.5796 15 16  4.770661152e-17  4.304141435e-17  1.439627374e-16  4.896845702e-17 
23.6791 -13.6684 15 -15 -1.519886276e-08 -2.029955696e-08  2.198717098e-08  3.210064089e-08 
23.6791 -12.7572 15 -14   2.95024481e-16   3.82934482e-16 -2.563737556e-17 -4.586329827e-17 
23.6791 -11.8459 15 -13  1.577024573e-08 -1.278021517e-08  3.018588481e-08 -2.490795536e-08 
23.6791 -10.9347 15 -12 -2.497509057e-16  2.727374756e-16  6.439046604e-17 -1.337942266e-16 
23.6791 -10.0235 15 -11 -7.507304825e-09 -9.599837769e-09  8.074454798e-08  1.046683818e-07 
23.6791 -9.1123 15 -10  3.477366738e-17 -4.113906667e-16  4.342386946e-17  1.322059452e-18 
23.6791 -8.2010 15 -9   5.86843331e-08  -4.58293276e-08 -1.278640848e-07  9.640905317e-08 
23.6791 -7.2898 15 -8 -9.107341054e-17  1.300519578e-16  1.720493221e-16  5.311768538e-17 
23.6791 -6.3786 15 -7  8.220472953e-08  1.076520308e-07 -4.968943907e-08 -7.059759794e-08 
23.6791 -5.4674 15 -6  8.459222483e-18 -7.270229667e-17  -2.16326279e-16 -8.896413239e-17 
23.6791 -4.5561 15 -5 -1.322749027e-07  9.850164742e-08 -4.282588908e-08  3.864240986e-08 
23.6791 -3.6449 15 -4  4.161386405e-17  1.785723189e-16  1.861138764e-16 -5.121917775e-17 
23.6791 -2.7337 15 -3 -9.567861525e-08 -1.319604643e-07 -1.254950082e-07 -1.581540026e-07 
23.6791 -1.8225 15 -2  2.904098685e-16  1.397388724e-16   1.01470872e-16  -4.88445912e-17 
23.6791 -0.9112 15 -1  1.242982644e-07 -8.793471572e-08  2.281543238e-07 -1.757486504e-07 

25.2577 -0.0000 16 0 -1.153300619e-07                0  3.638830308e-07                0 
25.2577  0.9112 16 1  1.973247954e-17  3.905296225e-16 -1.643650493e-16  2.504507018e-17 
25.2577  1.8225 16 2  7.067856057e-10 -9.962694314e-08 -2.514498857e-09  3.590317649e-07 
25.2577  2.7337 16 3  4.027946596e-16   1.65205306e-17 -1.524930356e-16  2.396086801e-17 
25.2577  3.6449 16 4  5.647658324e-08  7.747896012e-10 -3.325787608e-07 -4.681424966e-09 
25.2577  4.5561 16 5 -1.429385039e-16 -2.605473346e-16 -7.778472961e-17  1.358471441e-16 
25.2577  5.4674 16 6  3.720646848e-11 -7.162943745e-10  5.659114374e-09 -2.622702317e-07 
25.2577  6.3786 16 7  1.735028408e-16  1.533468448e-16  3.519930116e-17  7.355972927e-17 
25.2577  7.2898 16 8  4.888641581e-08  1.282702212e-09  1.475443018e-07  4.360947421e-09 
25.2577  8.2010 16 9   1.58649271e-17 -1.069726379e-16  1.294046115e-16 -2.099006936e-16 
25.2577  9.1123 16 10 -2.086063126e-09  6.444382686e-08 -8.063600991e-10  2.909237769e-08 
25.2577 10.0235 16 11  6.325451468e-17 -3.781451538e-17 -3.728681385e-17  1.781608867e-16 
25.2577 10.9347 16 12 -4.134821866e-08 -1.934944017e-09  3.982032224e-08  2.713291875e-09 
25.2577 11.8459 16 13  7.777827099e-18 -4.714434507e-17  3.594230787e-17 -7.954846397e-17 
25.2577 12.7572 16 14  1.076287802e-09 -2.009624053e-09 -3.091384431e-09  5.015074426e-08 
25.2577 13.6684 16 15  1.353509813e-16 -1.766431426e-16  5.959779403e-17 -1.111441429e-16 
25.2577 14.5796 16 16 -1.709952758e-08                0 -4.400251484e-08                0 
25.2577 -13.6684 16 -15  1.353509813e-16  1.766431426e-16  5.959779403e-17  1.111441429e-16 
25.2577 -12.7572 16 -14  1.076287802e-09  2.009624053e-09 -3.091384431e-09 -5.015074426e-08 
25.2577 -11.8459 16 -13  7.777827099e-18  4.714434507e-17  3.594230787e-17  7.954846397e-17 
25.2577 -10.9347 16 -12 -4.134821866e-08  1.934944017e-09  3.982032224e-08 -2.713291875e-09 
25.2577 -10.0235 16 -11  6.325451468e-17  3.781451538e-17 -3.728681385e-17 -1.781608867e-16 
25.2577 -9.1123 16 -10 -2.086063126e-09 -6.444382686e-08 -8.063600991e-10 -2.909237769e-08 
25.2577 -8.2010 16 -9   1.58649271e-17  1.069726379e-16  1.294046115e-16  2.099006936e-16 
25.2577 -7.2898 16 -8  4.888641581e-08 -1.282702212e-09  1.475443018e-07 -4.360947421e-09 
25.2577 -6.3786 16 -7  1.735028408e-16 -1.533468448e-16  3.519930116e-17 -7.355972927e-17 
25.2577 -5.4674 16 -6  3.720646848e-11  7.162943745e-10  5.659114374e-09  2.622702317e-07 
25.2577 -4.5561 16 -5 -1.429385039e-16  2.605473346e-16 -7.778472961e-17 -1.358471441e-16 
25.2577 -3.6449 16 -4  5.647658324e-08 -7.747896012e-10 -3.325787608e-07  4.681424966e-09 
25.2577 -2.7337 16 -3  4.027946596e-16  -1.65205306e-17 -1.524930356e-16 -2.396086801e-17 
25.2577 -1.8225 16 -2  7.067856057e-10  9.962694314e-08 -2.514498857e-09 -3.590317649e-07 
25.2577 -0.9112 16 -1  1.973247954e-17 -3.905296225e-16 -1.643650493e-16 -2.504507018e-17 

-23.6791  0.0000 -15 0 -3.672016807e-16 -4.221834639e-16 -9.684587365e-17  1.182469713e-16 
-23.6791  0.9112 -15 1  1.242982644e-07  8.793471572e-08  2.281543238e-07  1.757486504e-07 
-23.6791  1.8225 -15 2  2.904098685e-16 -1.397388724e-16   1.01470872e-16   4.88445912e-17 
-23.6791  2.7337 -15 3 -9.567861525e-08  1.319604643e-07 -1.254950082e-07  1.581540026e-07 
-23.6791  3.6449 -15 4  4.161386405e-17 -1.785723189e-16  1.861138764e-16  5.121917775e-17 
-23.6791  4.5561 -15 5 -1.322749027e-07 -9.850164742e-08 -4.282588908e-08 -3.864240986e-08 
-23.6791  5.4674 -15 6  8.459222483e-18  7.270229667e-17  -2.16326279e-16  8.896413239e-17 
-23.6791  6.3786 -15 7  8.220472953e-08 -1.076520308e-07 -4.968943907e-08  7.059759794e-08 
-23.6791  7.2898 -15 8 -9.107341054e-17 -1.300519578e-16  1.720493221e-16 -5.311768538e-17 
-23.6791  8.2010 -15 9   5.86843331e-08   4.58293276e-08 -1.278640848e-07 -9.640905317e-08 
-23.6791  9.1123 -15 10  3.477366738e-17  4.113906667e-16  4.342386946e-17 -1.322059452e-18 
-23.6791 10.0235 -15 11 -7.507304825e-09  9.599837769e-09  8.074454798e-08 -1.046683818e-07 
-23.6791 10.9347 -15 12 -2.497509057e-16 -2.727374756e-16  6.439046604e-17  1.337942266e-16 
-23.6791 11.8459 -15 13  1.577024573e-08  1.278021517e-08  3.018588481e-08  2.490795536e-08 
-23.6791 12.7572 -15 14   2.95024481e-16  -3.82934482e-16 -2.563737556e-17  4.586329827e-17 
-23.6791 13.6684 -15 15 -1.519886276e-08  2.029955696e-08  2.198717098e-08 -3.210064089e-08 
-23.6791 14.5796 -15 16  4.770661152e-17 -4.304141435e-17  1.439627374e-16 -4.896845702e-17 
-23.6791 -13.6684 -15 -15 -2.132299107e-08 -1.376614356e-08   3.14570139e-08  2.293186634e-08 
-23.6791 -12.7572 -15 -14 -9.336361493e-18  2.309419336e-16 -2.078289306e-17  1.262079734e-16 
-23.6791 -11.8459 -15 -13  1.046723934e-08 -1.740597893e-08  2.089430813e-08 -3.301411667e-08 
-23.6791 -10.9347 -15 -12 -2.867257288e-16     3.998886e-16  8.797612313e-19  1.213868403e-17 
-23.6791 -10.0235 -15 -11 -9.854794861e-09  -7.22372355e-09  1.101164601e-07  7.312017798e-08 
-23.6791 -9.1123 -15 -10 -1.181153314e-16 -1.588184672e-16  2.281388704e-17 -2.175214005e-18 
-23.6791 -8.2010 -15 -9  4.193565066e-08 -6.153721104e-08 -8.853960833e-08  1.334527514e-07 
-23.6791 -7.2898 -15 -8 -1.055107323e-16  1.706096666e-16   1.26211244e-16  6.055419274e-17 
-23.6791 -6.3786 -15 -7  1.116669229e-07  7.665606125e-08 -7.303904251e-08 -4.605184626e-08 
-23.6791 -5.4674 -15 -6  7.058986364e-17 -1.365495792e-16 -1.235659935e-16 -8.326881135e-17 
-23.6791 -4.5561 -15 -5 -9.376100311e-08  1.356722843e-07 -3.720991882e-08  4.409577244e-08 
-23.6791 -3.6449 -15 -4 -5.795843485e-17  8.682154912e-17   1.50387771e-16 -2.579224835e-16 
-23.6791 -2.7337 -15 -3 -1.339448922e-07 -9.288041763e-08 -1.607942988e-07 -1.220980165e-07 
-23.6791 -1.8225 -15 -2   9.82948041e-17 -3.857403152e-19 -4.806095841e-17 -1.279825052e-16 
-23.6791 -0.9112 -15 -1  8.705838933e-08 -1.249145421e-07  1.741078892e-07 -2.294083463e-07 

-22.1005  0.0000 -14 0  6.450808352e-07  -7.21215007e-08 -1.146107079e-06  1.231311905e-07 
-22.1005  0.9112 -14 1 -2.027019376e-17   -9.5733877e-17 -1.014885203e-16 -2.413781451e-16 
-22.1005  1.8225 -14 2   6.09010594e-08  5.808321014e-07 -1.186066187e-07 -1.178368052e-06 
-22.1005  2.7337 -14 3   2.89481042e-17 -8.484503237e-17 -6.285592262e-17  1.905013767e-17 
-22.1005  3.6449 -14 4 -3.952070304e-07  3.906065429e-08  1.196728352e-06  -1.12895477e-07 
-22.1005  4.5561 -14 5  2.633641663e-17 -5.013665229e-17 -7.801871898e-17  1.545373349e-16 
-22.1005  5.4674 -14 6 -1.301195193e-08 -1.328493791e-07  9.133965891e-08  1.040007847e-06 
-22.1005  6.3786 -14 7  1.101233676e-16  1.788790231e-16 -1.119254414e-16   4.88420409e-17 
-22.1005  7.2898 -14 8 -1.050078771e-07  7.715530012e-09 -6.405826942e-07  5.170042656e-08 
-22.1005  8.2010 -14 9   2.60781694e-16 -7.421666148e-17 -1.957740358e-16 -6.640992957e-19 
-22.1005  9.1123 -14 10 -1.522548084e-08 -2.059843473e-07 -1.243546526e-08 -1.612110224e-07 
-22.1005 10.0235 -14 11  1.023509426e-16  4.461922973e-17 -4.511928681e-17   5.03166076e-17 
-22.1005 10.9347 -14 12  1.419081732e-07  -9.19061138e-09 -1.259692264e-07  5.356331962e-09 
-22.1005 11.8459 -14 13 -8.265539422e-17 -6.308021413e-19 -8.247706051e-17  3.160742461e-17 
-22.1005 12.7572 -14 14 -2.095244828e-09  7.055129281e-09 -5.518199842e-09 -1.492149747e-07 
-22.1005 13.6684 -14 15  7.274136915e-17 -7.158603125e-17  2.991749258e-17 -1.754182937e-17 
-22.1005 14.5796 -14 16  5.945664214e-08 -6.376391788e-09  1.076912391e-07  -1.11646023e-08 
-22.1005 -13.6684 -14 -15  2.508221141e-17  1.478245573e-16 -7.070421674e-17 -1.397754089e-16 
-22.1005 -12.7572 -14 -14 -3.619612193e-09 -6.454808127e-09  2.581452429e-08  1.470428435e-07 
-22.1005 -11.8459 -14 -13 -7.301537183e-17 -8.393391965e-18 -1.562867818e-17  1.544629862e-17 
-22.1005 -10.9347 -14 -12  1.406222049e-07 -2.125342574e-08 -1.243154426e-07  2.109640912e-08 
-22.1005 -10.0235 -14 -11 -3.395624202e-17  1.702025056e-17  3.428265229e-17 -4.507424973e-17 
-22.1005 -9.1123 -14 -10  2.858773002e-08  2.045588399e-07  2.374610112e-08  1.599180286e-07 
-22.1005 -8.2010 -14 -9 -1.092719598e-16   2.11974141e-17 -3.246963655e-17 -3.098309591e-17 
-22.1005 -7.2898 -14 -8 -1.044303949e-07  1.340456093e-08 -6.364851636e-07  8.893198344e-08 
-22.1005 -6.3786 -14 -7 -5.719404582e-17  9.656937451e-17 -9.387450115e-18 -1.453419315e-16 
-22.1005 -5.4674 -14 -6  1.843317717e-08  1.322055077e-07 -1.355366145e-07 -1.035181925e-06 
-22.1005 -4.5561 -14 -5 -7.066835053e-17  8.226763279e-17  7.615710352e-17  8.578723868e-17 
-22.1005 -3.6449 -14 -4 -3.939498216e-07   5.01668807e-08  1.193079486e-06 -1.465199557e-07 
-22.1005 -2.7337 -14 -3  1.897864106e-16  1.276545124e-16 -1.610359535e-17    5.3113896e-17 
-22.1005 -1.8225 -14 -2 -6.915427512e-08 -5.799068364e-07  1.352292455e-07  1.176574843e-06 
-22.1005 -0.9112 -14 -1  1.616822254e-16 -6.543479184e-18 -6.899776705e-17  1.877150442e-16 

-20.5219  0.0000 -13 0 -3.782499073e-16  1.171545121e-16  2.113431303e-16 -1.265910614e-16 
-20.5219  0.9112 -13 1 -6.075514673e-07 -4.941324703e-07 -2.852082279e-06 -2.327426995e-06 
-20.5219  1.8225 -13 2  7.012850582e-17 -1.822655301e-16 -1.215900486e-16  2.209393137e-16 
-20.5219  2.7337 -13 3   6.43653443e-07 -7.794784504e-07   1.80758239e-06 -2.182714261e-06 
-20.5219  3.6449 -13 4 -7.423865738e-17  1.936612214e-16 -5.112970257e-17 -1.373668104e-16 
-20.5219  4.5561 -13 5  9.395994792e-07   7.87624358e-07  1.020940002e-06  8.583058097e-07 
-20.5219  5.4674 -13 6  5.446192539e-18  3.860733852e-17  4.160714906e-17  5.014714533e-17 
-20.5219  6.3786 -13 7 -7.287741331e-07  8.560940234e-07  1.624112551e-07 -1.916897874e-07 
-20.5219  7.2898 -13 8 -1.740791329e-16   2.38726837e-17  5.170071651e-17 -8.991157001e-17 
-20.5219  8.2010 -13 9  -4.87927469e-07  -4.22027864e-07  8.692848647e-07  7.484032065e-07 
-20.5219  9.1123 -13 10 -7.417534037e-17  1.150245801e-16   9.84052987e-17  9.050470796e-18 
-20.5219 10.0235 -13 11  6.612324721e-08 -7.705110225e-08 -6.655022326e-07  7.656492351e-07 
-20.5219 10.9347 -13 12 -4.890369963e-18 -4.128691169e-17  5.964458462e-18  1.593760064e-16 
-20.5219 11.8459 -13 13 -1.123242375e-07  -1.04392903e-07 -2.154398485e-07 -1.932989205e-07 
-20.5219 12.7572 -13 14  3.420975336e-16  1.220521566e-18  -2.16722787e-16  3.423413126e-17 
-20.5219 13.6684 -13 15   9.81975605e-08 -1.108529982e-07 -1.821045598e-07   2.27392745e-07 
-20.5219 14.5796 -13 16 -1.916844799e-16 -2.249979228e-17  9.868032391e-17 -1.483548073e-16 
-20.5219 -13.6684 -13 -15  1.193826198e-07  8.764741294e-08 -2.257966787e-07 -1.840944897e-07 
-20.5219 -12.7572 -13 -14 -1.505086457e-17  9.302305247e-18  5.250761969e-17     7.494551e-17 
-20.5219 -11.8459 -13 -13 -8.787052053e-08  1.256762319e-07 -1.703331805e-07  2.339930866e-07 
-20.5219 -10.9347 -13 -12  1.315837535e-16  2.898622581e-17 -7.478141789e-18 -4.834215563e-17 
-20.5219 -10.0235 -13 -11  8.064836166e-08  6.169922088e-08 -8.109715297e-07 -6.094508641e-07 
-20.5219 -9.1123 -13 -10  6.511954698e-17  3.520998907e-17 -8.117960237e-17 -1.510828024e-16 
-20.5219 -8.2010 -13 -9  -3.89215776e-07  5.144855839e-07  6.929484515e-07 -9.141117307e-07 
-20.5219 -7.2898 -13 -8 -6.445998687e-18   1.57236969e-17   2.78733636e-17 -6.151366413e-17 
-20.5219 -6.3786 -13 -7 -8.914503266e-07 -6.850713447e-07  2.002133672e-07  1.517936372e-07 
-20.5219 -5.4674 -13 -6 -4.164035852e-17 -2.202841284e-17  7.217301618e-17  1.682017065e-18 
-20.5219 -4.5561 -13 -5   7.54053592e-07  -9.66746914e-07  8.219660107e-07 -1.050420386e-06 
-20.5219 -3.6449 -13 -4 -6.762420405e-17 -1.753781586e-16 -1.269627297e-16  2.133024609e-17 
-20.5219 -2.7337 -13 -3   7.92904541e-07  6.270396856e-07  2.220717923e-06  1.760685322e-06 
-20.5219 -1.8225 -13 -2  6.349823719e-17  2.107049393e-16  -4.45001605e-17 -1.743824056e-16 
-20.5219 -0.9112 -13 -1 -4.898045336e-07  6.110463156e-07 -2.307115969e-06  2.868537381e-06 

-18.9433  0.0000 -12 0 -6.037400782e-06  5.849246087e-07  5.198134892e-06 -5.027798935e-07 
-18.9433  0.9112 -12 1  -4.91768009e-16  6.952480051e-17 -1.280317921e-16 -2.226990372e-16 
-18.9433  1.8225 -12 2 -5.005689224e-07 -5.578079638e-06  5.379772493e-07  6.004610604e-06 
-18.9433  2.7337 -12 3 -6.698946127e-17  5.417713274e-17  1.631967236e-16  3.307655191e-17 
-18.9433  3.6449 -12 4  4.131471463e-06 -3.413793228e-07  -7.48010613e-06  6.176441957e-07 
-18.9433  4.5561 -12 5  2.963904716e-16 -2.379820245e-17  4.977189739e-17  1.430785192e-16 
-18.9433  5.4674 -12 6  1.427128045e-07  1.882045859e-06 -5.697152571e-07 -7.544920381e-06 
-18.9433  6.3786 -12 7  8.852620431e-18  4.436303834e-17 -7.576329583e-17  1.616758396e-16 
-18.9433  7.2898 -12 8  2.803489007e-07 -1.859408073e-08  5.016441368e-06 -3.410839606e-07 
-18.9433  8.2010 -12 9  2.990940578e-17  1.827825168e-16 -1.256884406e-16  3.195444754e-17 
-18.9433  9.1123 -12 10  7.923861562e-08  1.258315376e-06  7.671262216e-08  1.300184589e-06 
-18.9433 10.0235 -12 11 -3.407179946e-17  8.153047879e-17  1.071406366e-16  4.371881827e-17 
-18.9433 10.9347 -12 12 -8.728181749e-07  4.997166863e-08  8.869523438e-07 -3.941658777e-08 
-18.9433 11.8459 -12 13 -1.115817716e-16 -3.875347968e-17 -2.938508787e-17 -9.596680205e-17 
-18.9433 12.7572 -12 14  9.164740798e-09 -8.202382996e-09  1.651599103e-08  8.027855157e-07 
-18.9433 13.6684 -12 15 -2.686437489e-16 -1.248515739e-16  1.362072389e-16  2.059877096e-16 
-18.9433 14.5796 -12 16  -3.90728643e-07  3.779062594e-08 -3.201945531e-07  3.085381191e-08 
-18.9433 -13.6684 -12 -15  4.072375472e-17   1.41310906e-16 -1.758078587e-16  1.394035934e-16 
-18.9433 -12.7572 -12 -14  1.059168182e-08  6.295455604e-09 -1.375365713e-07 -7.910810973e-07 
-18.9433 -11.8459 -12 -13   1.00757174e-16 -5.900351569e-17 -1.148514971e-16 -1.690905032e-16 
-18.9433 -10.9347 -12 -12 -8.662113815e-07  1.182928002e-07  8.780806109e-07  -1.31230237e-07 
-18.9433 -10.0235 -12 -11 -1.089102396e-16   3.87624322e-17  4.906928802e-17 -1.598321776e-17 
-18.9433 -9.1123 -12 -10 -1.633685331e-07 -1.250178713e-06 -1.744240806e-07 -1.290709458e-06 
-18.9433 -8.2010 -12 -9  -2.40428334e-17  3.657629687e-17 -7.000270128e-17  2.472527631e-16 
-18.9433 -7.2898 -12 -8  2.787616275e-07 -3.510120201e-08  4.988665238e-06 -6.278888345e-07 
-18.9433 -6.3786 -12 -7 -3.975650345e-17  4.564722187e-18 -2.331531302e-17 -1.179863252e-16 
-18.9433 -5.4674 -12 -6  -2.21591831e-07 -1.874396337e-06   8.88341556e-07   7.51407143e-06 
-18.9433 -4.5561 -12 -5  1.393513123e-16  1.983710699e-16 -4.746165707e-17 -1.465926347e-16 
-18.9433 -3.6449 -12 -4  4.120144473e-06   -4.5826167e-07 -7.459704008e-06   8.28428504e-07 
-18.9433 -2.7337 -12 -3 -1.871308697e-18 -6.997301971e-17  1.888477267e-16  5.794098436e-17 
-18.9433 -1.8225 -12 -2  5.795906313e-07  5.570423162e-06 -6.231266647e-07 -5.996372044e-06 
-18.9433 -0.9112 -12 -1  2.470024069e-16 -6.845712278e-18 -1.951242872e-16 -2.022097125e-16 

-17.3647  0.0000 -11 0 -4.378083441e-17   2.48823899e-16  2.961558298e-16  5.620404864e-17 
-17.3647  0.9112 -11 1  1.186832344e-07  9.997489256e-08  2.833089471e-05  2.388274084e-05 
-17.3647  1.8225 -11 2 -1.064835422e-17 -1.386303942e-16 -1.655571751e-16  1.614487943e-16 
-17.3647  2.7337 -11 3 -2.211864348e-06   2.58661897e-06 -1.961676575e-05  2.293839478e-05 
-17.3647  3.6449 -11 4  1.760671429e-16  1.616952557e-16 -1.752611168e-16 -2.276231396e-17 
-17.3647  4.5561 -11 5 -5.441925092e-06 -4.719904668e-06 -1.268128674e-05 -1.100158218e-05 
-17.3647  5.4674 -11 6 -6.621751142e-17 -2.697320742e-16 -2.787605737e-18 -4.350389388e-17 
-17.3647  6.3786 -11 7  5.242558356e-06 -5.957859504e-06  1.050056102e-06 -1.196887276e-06 
-17.3647  7.2898 -11 8 -5.733133319e-17  6.492009245e-17 -3.351215762e-17   4.38133658e-17 
-17.3647  8.2010 -11 9  3.454643969e-06  3.087893916e-06 -5.389177582e-06 -4.812174985e-06 
-17.3647  9.1123 -11 10 -2.008239688e-17  1.849352448e-17  2.409728999e-17  9.432936128e-18 
-17.3647 10.0235 -11 11 -3.194286672e-07  3.526160617e-07  4.328424462e-06 -4.803319738e-06 
-17.3647 10.9347 -11 12  2.213388646e-16  1.680165361e-16 -3.085354539e-17  2.542449238e-17 
-17.3647 11.8459 -11 13  7.863009672e-07  7.461192506e-07  1.072120299e-06  9.669736363e-07 
-17.3647 12.7572 -11 14  1.101993504e-16 -1.266742618e-16  -1.92565682e-16 -5.323746894e-17 
-17.3647 13.6684 -11 15 -3.841059223e-07  3.958174116e-07  1.156417781e-06 -1.346725772e-06 
-17.3647 14.5796 -11 16  1.064017962e-16  2.668078854e-17  -9.24722139e-18   1.28821754e-16 
-17.3647 -13.6684 -11 -15 -4.478661063e-07 -3.219148078e-07   1.37561586e-06  1.121902231e-06 
-17.3647 -12.7572 -11 -14  4.736565292e-17  6.357668945e-17  6.447981292e-17    2.1347121e-17 
-17.3647 -11.8459 -11 -13  6.425393301e-07 -8.729874134e-07  8.850342405e-07 -1.140693551e-06 
-17.3647 -10.9347 -11 -12  2.005938497e-16  2.238787319e-16 -1.042180887e-17 -1.382812746e-16 
-17.3647 -10.0235 -11 -11 -3.765201982e-07 -2.908723082e-07  5.106884855e-06  3.965710503e-06 
-17.3647 -9.1123 -11 -10  3.584786665e-17  6.257013472e-17  1.459194443e-16 -1.477427442e-16 
-17.3647 -8.2010 -11 -9  2.856745277e-06 -3.648104445e-06 -4.457094045e-06  5.686351817e-06 
-17.3647 -7.2898 -11 -8  3.951812346e-16  2.392738364e-16  2.704311435e-17 -2.343579559e-18 
-17.3647 -6.3786 -11 -7  6.210031383e-06  4.941256496e-06  1.244191153e-06  9.935518194e-07 
-17.3647 -5.4674 -11 -6 -4.152114763e-17 -1.592365091e-16  -8.68378734e-17  7.029085658e-17 
-17.3647 -4.5561 -11 -5 -4.525370585e-06  5.604736049e-06    -1.054566e-05   1.30628826e-05 
-17.3647 -3.6449 -11 -4 -7.172388318e-17 -2.141780798e-16 -3.457709936e-17  8.317866822e-17 
-17.3647 -2.7337 -11 -3 -2.633046446e-06 -2.156387667e-06 -2.334997951e-05 -1.912500783e-05 
-17.3647 -1.8225 -11 -2  3.611547555e-16  3.084237504e-16  1.055293908e-17  -1.23822929e-16 
-17.3647 -0.9112 -11 -1   9.89725301e-08 -1.195207202e-07  2.368182227e-05 -2.849905622e-05 

-15.7861  0.0000 -10 0  5.134203487e-05 -4.140896098e-06 -3.070309154e-06  2.475513266e-07 
-15.7861  0.9112 -10 1  1.115129244e-16 -2.643518942e-18 -3.583452423e-16 -2.390628135e-16 
-15.7861  1.8225 -10 2  3.580252975e-06  4.868540418e-05 -1.118594105e-06 -1.521922566e-05 
-15.7861  2.7337 -10 3  3.635688671e-17  3.703255497e-17  2.070288683e-16  1.389761612e-17 
-15.7861  3.6449 -10 4 -3.828120637e-05  2.542331842e-06  4.052645866e-05 -2.691743298e-06 
-15.7861  4.5561 -10 5  1.474877578e-17  1.605545297e-16  1.347277024e-16  -5.12399311e-17 
-15.7861  5.4674 -10 6 -1.134991598e-06 -1.912643988e-05  3.156149401e-06  5.314866983e-05 
-15.7861  6.3786 -10 7  3.445309024e-17  1.545614934e-16 -4.024828099e-17 -6.395858478e-18 
-15.7861  7.2898 -10 8 -2.088879098e-07  7.081684878e-09 -3.729565132e-05  1.947796129e-06 
-15.7861  8.2010 -10 9  1.138483933e-17  -7.25977385e-17  1.410323188e-17 -1.122631937e-17 
-15.7861  9.1123 -10 10 -3.735112902e-07 -8.203006854e-06 -3.450636482e-07 -8.070856897e-06 
-15.7861 10.0235 -10 11 -3.179241024e-18 -1.160776279e-16 -9.034310117e-17  8.850039441e-17 
-15.7861 10.9347 -10 12  4.853600661e-06 -2.068827092e-07 -7.199922708e-06  2.697630396e-07 
-15.7861 11.8459 -10 13 -2.427874911e-17  2.229060273e-18  1.228592969e-16 -8.025651789e-17 
-15.7861 12.7572 -10 14 -2.820921612e-08 -4.169552854e-07 -9.953216697e-09 -4.035894015e-06 
-15.7861 13.6684 -10 15 -7.229105219e-17  2.146437585e-16  7.363266053e-18  1.946011921e-16 
-15.7861 14.5796 -10 16  2.247583607e-06 -1.812618192e-07 -5.336475281e-07  4.306444684e-08 
-15.7861 -13.6684 -10 -15 -7.413845148e-17 -8.640095728e-17 -2.367822448e-16  1.953041107e-17 
-15.7861 -12.7572 -10 -14  3.896894164e-08  4.160865136e-07  6.369248742e-07  3.985330223e-06 
-15.7861 -11.8459 -10 -13 -1.864444855e-18   1.54191337e-17  1.333722121e-16 -2.621393089e-16 
-15.7861 -10.9347 -10 -12  4.824024291e-06  -5.73617033e-07 -7.150101135e-06  8.875429318e-07 
-15.7861 -10.0235 -10 -11 -2.092870497e-17 -5.325709956e-18  1.545513681e-16  4.811867086e-17 
-15.7861 -9.1123 -10 -10  9.458925131e-07  8.156844871e-06  9.528990722e-07  8.021830961e-06 
-15.7861 -8.2010 -10 -9 -2.680084227e-18  8.868694542e-18 -7.313216855e-17  1.401400549e-16 
-15.7861 -7.2898 -10 -8 -2.073311803e-07  2.640789425e-08 -3.712574143e-05  4.054483825e-06 
-15.7861 -6.3786 -10 -7  4.312904221e-17  1.796264611e-17 -2.058799509e-16  -7.87534335e-17 
-15.7861 -5.4674 -10 -6  1.945013065e-06  1.906110796e-05 -5.402338113e-06 -5.296751034e-05 
-15.7861 -4.5561 -10 -5 -2.108938669e-17 -3.369982659e-17 -1.769808607e-17 -2.667692916e-17 
-15.7861 -3.6449 -10 -4 -3.819383307e-05  3.625648316e-06  4.043402631e-05 -3.837819477e-06 
-15.7861 -2.7337 -10 -3 -1.366035045e-16 -1.416943392e-17  1.651867396e-16 -1.536866772e-16 
-15.7861 -1.8225 -10 -2 -4.268537729e-06 -4.862989176e-05  1.334796331e-06  1.520178938e-05 
-15.7861 -0.9112 -10 -1  2.037918066e-16 -2.050214867e-16 -2.213553103e-16 -4.651254738e-17 

-14.2075  0.0000 -9 0 -3.250335359e-17  4.357925068e-17  -1.75242706e-16  8.442941166e-17 
-14.2075  0.9112 -9 1  4.106100112e-05  3.576013328e-05 -0.0002447571635 -0.0002131588698 
-14.2075  1.8225 -9 2  1.900735712e-16  4.516925966e-17  1.355828575e-16 -3.745981241e-17 
-14.2075  2.7337 -9 3 -8.822039412e-06  9.987253318e-06  0.0001837398553 -0.0002079876638 
-14.2075  3.6449 -9 4  2.002108135e-16 -1.084163457e-16 -1.241938012e-16  5.009008199e-17 
-14.2075  4.5561 -9 5  2.820976841e-05  2.527801581e-05  0.0001234264421  0.0001106063746 
-14.2075  5.4674 -9 6  2.720176511e-16 -2.628598502e-16 -1.239495951e-16 -1.568586627e-17 
-14.2075  6.3786 -9 7 -3.744030025e-05  4.119786534e-05 -1.805370428e-05  1.986418516e-05 
-14.2075  7.2898 -9 8  1.043449747e-16  1.960844531e-16  -1.11544334e-18 -1.137218132e-16 
-14.2075  8.2010 -9 9 -2.248292776e-05 -2.073603127e-05  3.641961599e-05   3.36052706e-05 
-14.2075  9.1123 -9 10  9.926927904e-17  1.515048697e-16 -3.771538757e-17 -1.460305604e-16 
-14.2075 10.0235 -9 11 -2.876475581e-07  3.413702608e-07 -2.562513615e-05  2.743463953e-05 
-14.2075 10.9347 -9 12  2.605399143e-16 -5.975029561e-17  7.836841945e-17 -1.191587034e-17 
-14.2075 11.8459 -9 13  -5.43729764e-06 -5.220057228e-06 -2.069645872e-06 -1.781240893e-06 
-14.2075 12.7572 -9 14 -2.095101271e-16  1.434694814e-16 -2.452702053e-17  4.576655129e-17 
-14.2075 13.6684 -9 15  5.538710019e-07 -3.738196194e-07 -6.013903272e-06  6.459687811e-06 
-14.2075 14.5796 -9 16 -4.553291778e-17  -1.59540132e-16 -1.160810034e-17  4.719091284e-17 
-14.2075 -13.6684 -9 -15  6.020403814e-07  2.899405717e-07 -6.883415785e-06  -5.52387579e-06 
-14.2075 -12.7572 -9 -14  6.341910826e-17 -2.486656358e-16 -1.125416349e-16 -2.240761114e-16 
-14.2075 -11.8459 -9 -13 -4.626796728e-06   5.95029024e-06 -1.790840025e-06  2.061344788e-06 
-14.2075 -10.9347 -9 -12  3.124330326e-16 -2.948643742e-16  1.520713284e-17 -3.758327621e-17 
-14.2075 -10.0235 -9 -11 -3.339189565e-07 -2.962637683e-07  -2.93170766e-05 -2.344815698e-05 
-14.2075 -9.1123 -9 -10  2.646667228e-16  6.750362498e-17 -3.051301548e-18  1.568493619e-16 
-14.2075 -8.2010 -9 -9 -1.925409536e-05    2.3764361e-05  3.118703567e-05 -3.851066699e-05 
-14.2075 -7.2898 -9 -8  1.792068317e-16  -2.41079072e-17  5.770799164e-17 -7.629787288e-17 
-14.2075 -6.3786 -9 -7 -4.299526927e-05 -3.536166017e-05 -2.073206416e-05 -1.705003222e-05 
-14.2075 -5.4674 -9 -6 -1.350121174e-17  1.766675361e-16  1.475540185e-17  1.084018874e-16 
-14.2075 -4.5561 -9 -5  2.426527594e-05 -2.908548601e-05  0.0001061671489  -0.000127265051 
-14.2075 -3.6449 -9 -4  3.249002835e-17  1.537027797e-16 -1.074524426e-16 -2.551493197e-17 
-14.2075 -2.7337 -9 -3 -1.017132428e-05 -8.609167856e-06  0.0002118393555  0.0001792854991 
-14.2075 -1.8225 -9 -2 -4.245214032e-17 -1.179913122e-16 -4.863450808e-17  4.432264501e-17 
-14.2075 -0.9112 -9 -1  3.546880736e-05 -4.131291142e-05 -0.0002114230951  0.0002462580918 

-12.6289  0.0000 -8 0 -0.0003986545296  2.570197395e-05 -0.0003173799494  2.046205352e-05 
-12.6289  0.9112 -8 1  2.385244779e-18  3.317658648e-17  3.903127821e-18 -1.917953643e-16 
-12.6289  1.8225 -8 2 -2.266695883e-05 -0.0003950752607 -9.526510243e-06 -0.0001660656966 
-12.6289  2.7337 -8 3  1.818342569e-16  1.828371439e-16  2.444875899e-17 -2.808083627e-17 
-12.6289  3.6449 -8 4  0.0003328498987 -1.673427944e-05 -0.0001632799974  8.205740326e-06 
-12.6289  4.5561 -8 5 -1.236397052e-16  5.842494457e-17  1.080204177e-16   1.17361497e-16 
-12.6289  5.4674 -8 6  7.216911025e-06  0.0001672176648 -1.566433103e-05 -0.0003626887204 
-12.6289  6.3786 -8 7 -4.295134669e-17 -1.011221814e-16 -7.506405979e-17 -7.081195439e-19 
-12.6289  7.2898 -8 8  3.589158596e-06 -1.219648007e-07  0.0002515065125 -9.102077321e-06 
-12.6289  8.2010 -8 9  5.520791344e-17  -7.67098448e-17  1.222082196e-16 -3.497144929e-17 
-12.6289  9.1123 -8 10  1.585025635e-06  5.541694509e-05  7.398989824e-07  2.655255961e-05 
-12.6289 10.0235 -8 11 -2.620620412e-16 -7.632232723e-17 -1.387215504e-16  5.505735333e-17 
-12.6289 10.9347 -8 12 -1.976262584e-05  5.026727202e-07  5.436729232e-05 -1.323166655e-06 
-12.6289 11.8459 -8 13 -1.019261215e-17 -1.424029144e-17   1.18574607e-16  2.313818726e-17 
-12.6289 12.7572 -8 14 -2.573962587e-08  6.172693627e-06 -9.096399674e-08   1.41548825e-05 
-12.6289 13.6684 -8 15 -6.687675843e-17  1.863844848e-16  9.477486058e-17  6.377896042e-17 
-12.6289 14.5796 -8 16  -8.27384878e-06  5.334275033e-07  1.498473457e-05 -9.660956938e-07 
-12.6289 -13.6684 -8 -15 -1.572172692e-16  5.621422166e-17 -1.165323312e-16 -4.972837789e-17 
-12.6289 -12.7572 -8 -14 -8.181584598e-07 -6.118285894e-06 -1.907829056e-06 -1.402601723e-05 
-12.6289 -11.8459 -8 -13   4.70545331e-17 -1.326301394e-16  1.273871378e-16 -2.192517255e-16 
-12.6289 -10.9347 -8 -12 -1.966356335e-05  2.039201079e-06  5.408710479e-05 -5.669071154e-06 
-12.6289 -10.0235 -8 -11 -2.231967815e-16  7.076579109e-17  1.945300102e-16 -8.497455703e-17 
-12.6289 -9.1123 -8 -10 -5.544167038e-06  -5.51616925e-05  -2.67584577e-06 -2.642774518e-05 
-12.6289 -8.2010 -8 -9  3.166209157e-18 -3.035469621e-16 -1.291047618e-17  1.247975993e-16 
-12.6289 -7.2898 -8 -8  3.575107273e-06 -3.399150551e-07  0.0002505931335 -2.326918647e-05 
-12.6289 -6.3786 -8 -7  1.535162514e-17  4.061014762e-17 -2.144924592e-16  1.935639691e-17 
-12.6289 -5.4674 -8 -6 -1.431523937e-05 -0.0001667600227  3.103814062e-05  0.0003616975436 
-12.6289 -4.5561 -8 -5 -1.548647278e-16 -7.273641325e-17 -1.412376618e-16 -3.241425683e-17 
-12.6289 -3.6449 -8 -4  0.0003322431424 -2.614546687e-05 -0.0001629819314  1.282894253e-05 
-12.6289 -2.7337 -8 -3  2.494884724e-16 -1.277596735e-16  1.404041813e-17 -1.280442766e-16 
-12.6289 -1.8225 -8 -2  2.825224959e-05  0.0003947151669  1.187682864e-05  0.0001659141673 
-12.6289 -0.9112 -8 -1 -2.890482992e-16 -2.344045097e-16  1.843143693e-16  4.954803928e-17 

-11.0503  0.0000 -7 0 -2.461956834e-17  2.218646361e-16 -1.839228795e-16  2.722419865e-17 
-11.0503  0.9112 -7 1 -0.0007112240112 -0.0006398268267   0.001811968952   0.001630069007 
-11.0503  1.8225 -7 2 -2.511346604e-17 -2.273141273e-17  1.480905166e-16 -5.018643798e-17 
-11.0503  2.7337 -7 3  0.0003021033503 -0.0003310743632  -0.001496634459   0.001640164774 
-11.0503  3.6449 -7 4 -4.087643593e-17 -1.919237855e-16  -9.16198748e-17  3.696393604e-17 
-11.0503  4.5561 -7 5 -0.0001370427732 -0.0001268462449 -0.0009911048504 -0.0009173075279 
-11.0503  5.4674 -7 6  4.942145223e-17  1.972209776e-16 -1.439239382e-16 -1.416243637e-16 
-11.0503  6.3786 -7 7  0.0002731626918 -0.0002909925152  0.0001114568396 -0.0001186943825 
-11.0503  7.2898 -7 8   5.92432426e-17 -7.734115109e-17   1.09094527e-16  1.139922803e-16 
-11.0503  8.2010 -7 9  0.0001214406083  0.0001155957694 -0.0002627539414  -0.000250223194 
-11.0503  9.1123 -7 10  1.365818646e-16  -1.30531243e-16 -2.800221537e-17 -4.749181906e-17 
-11.0503 10.0235 -7 11  2.676051608e-05 -2.782614206e-05  0.0001144951731 -0.0001183726807 
-11.0503 10.9347 -7 12  3.633089879e-16  2.937660194e-16 -2.733184269e-17 -1.118408578e-16 
-11.0503 11.8459 -7 13   2.80846326e-05  2.737710961e-05 -2.641756919e-05  -2.64041416e-05 
-11.0503 12.7572 -7 14  7.440904789e-17  6.628824917e-17  4.053298289e-17  6.152217888e-17 
-11.0503 13.6684 -7 15  5.929391802e-06 -6.880628708e-06  1.755294317e-05 -1.670988906e-05 
-11.0503 14.5796 -7 16 -1.348240055e-16 -3.076305289e-17 -4.884207112e-17 -9.372050216e-17 
-11.0503 -13.6684 -7 -15  6.665394229e-06  6.170353303e-06  1.932036814e-05  1.463043396e-05 
-11.0503 -12.7572 -7 -14  -2.45760426e-16 -1.605103467e-16 -6.606926367e-17  1.532536914e-17 
-11.0503 -11.8459 -7 -13  2.482851191e-05 -3.036112172e-05 -2.328141122e-05  2.920689228e-05 
-11.0503 -10.9347 -7 -12  3.442245468e-16  -1.69275845e-16 -1.821577124e-17   1.30731816e-16 
-11.0503 -10.0235 -7 -11  2.971937529e-05  2.464098477e-05  0.0001270780274  0.0001047492775 
-11.0503 -9.1123 -7 -10  1.036845121e-16  2.792201879e-16 -1.573848343e-17 -1.271039465e-16 
-11.0503 -8.2010 -7 -9  0.0001076740141 -0.0001285165746 -0.0002329549866  0.0002781784585 
-11.0503 -7.2898 -7 -8 -2.729353422e-16  2.098600676e-17  1.976898705e-16 -8.847887037e-17 
-11.0503 -6.3786 -7 -7  0.0003041474081  0.0002584353966  0.0001240951219   0.000105410551 
-11.0503 -5.4674 -7 -6  2.979226051e-17 -1.219275573e-16  1.314170989e-17  2.180522292e-16 
-11.0503 -4.5561 -7 -5 -0.0001219123436  0.0001414498923   -0.00088168653    0.00102292267 
-11.0503 -3.6449 -7 -4   2.72911348e-17  1.574338023e-17 -1.725791046e-16  7.403946807e-17 
-11.0503 -2.7337 -7 -3  0.0003374110261  0.0002950092672  -0.001671551113  -0.001461496515 
-11.0503 -1.8225 -7 -2  1.349331275e-16 -1.417341191e-16 -1.648854635e-16  1.578627033e-16 
-11.0503 -0.9112 -7 -1 -0.0006347778327  0.0007157339348   0.001617209128  -0.001823455809 

-9.4716  0.0000 -6 0   0.002692293061 -0.0001301038992   0.004803572818 -0.0002321305774 
-9.4716  0.9112 -6 1 -8.784656975e-17  2.672737509e-16 -5.386970777e-17  3.105193259e-17 
-9.4716  1.8225 -6 2  0.0001229449466    0.00298151076  0.0001300958801   0.003154953102 
-9.4716  2.7337 -6 3 -3.213147193e-16  1.913812881e-16  9.799161956e-17  4.805972288e-17 
-9.4716  3.6449 -6 4  -0.002800185147  9.563849082e-05  0.0004441369476 -1.517206613e-05 
-9.4716  4.5561 -6 5  8.352043056e-17  8.786424559e-17  7.113553809e-18 -2.276648436e-17 
-9.4716  5.4674 -6 6 -3.390263007e-05  -0.001252522187  6.657084056e-05    0.00245986536 
-9.4716  6.3786 -6 7 -2.094541487e-16 -1.376580386e-16  3.221287532e-17 -2.730864938e-18 
-9.4716  7.2898 -6 8 -0.0001870780748  3.771154346e-06  -0.001350464869  2.701516746e-05 
-9.4716  8.2010 -6 9  1.108963771e-16  6.972494181e-18   6.57888155e-17 -4.005770843e-17 
-9.4716  9.1123 -6 10  -4.21789837e-06 -0.0003326663052  1.967106921e-06  0.0001624573533 
-9.4716 10.0235 -6 11 -1.240289857e-16  9.043418267e-17  2.640352973e-17 -2.994371006e-17 
-9.4716 10.9347 -6 12  1.242572424e-05  2.784295477e-08 -0.0002807676528  1.995183193e-06 
-9.4716 11.8459 -6 13  5.686363298e-17 -2.508828333e-16 -7.365482417e-17 -2.024180255e-17 
-9.4716 12.7572 -6 14  7.677638639e-07  -4.25774272e-05 -6.036424569e-07  1.009208518e-05 
-9.4716 13.6684 -6 15 -2.780355057e-16 -4.344402962e-16 -1.236000789e-17 -7.116936469e-17 
-9.4716 14.5796 -6 16 -2.783138419e-07  1.344983141e-08 -7.346527594e-05  3.550178027e-06 
-9.4716 -13.6684 -6 -15 -3.660809277e-16 -1.050469488e-16 -2.776998333e-17  2.988085487e-17 
-9.4716 -12.7572 -6 -14  4.869669862e-06  4.230500064e-05 -1.573949463e-06 -9.986853918e-06 
-9.4716 -11.8459 -6 -13  2.877926579e-18 -2.542245617e-17 -1.503464937e-16 -9.544859786e-17 
-9.4716 -10.9347 -6 -12  1.236514006e-05 -1.225850578e-06 -0.0002796517586  2.508684083e-05 
-9.4716 -10.0235 -6 -11 -4.277560705e-18  1.868944806e-17  4.460308134e-17  -3.80749558e-17 
-9.4716 -9.1123 -6 -10  2.787875661e-05  0.0003315229045 -1.370683833e-05 -0.0001618900359 
-9.4716 -8.2010 -6 -9  1.937121337e-16 -1.619603524e-16  3.830672498e-17  1.861953957e-16 
-9.4716 -7.2898 -6 -8  -0.000186569987  1.428522439e-05   -0.00134677709  0.0001033278851 
-9.4716 -6.3786 -6 -7 -5.022574236e-17 -2.361481877e-16  1.396441245e-16 -3.987256594e-17 
-9.4716 -5.4674 -6 -6  8.702849538e-05   0.001249954902 -0.0001709293148  -0.002454822282 
-9.4716 -4.5561 -6 -5 -5.311843258e-17 -1.651539537e-16  3.330829523e-17 -2.049039988e-17 
-9.4716 -3.6449 -6 -4  -0.002796359117  0.0001748120926  0.0004435303772  -2.77240746e-05 
-9.4716 -2.7337 -6 -3 -1.972190478e-16   -1.1297197e-16  9.351388244e-17 -1.965311628e-16 
-9.4716 -1.8225 -6 -2 -0.0001651170091  -0.002979472813 -0.0001747233888  -0.003152796497 
-9.4716 -0.9112 -6 -1  7.341272755e-17  3.319454643e-16  9.014372622e-17 -1.012677582e-16 

-7.8930  0.0000 -5 0 -2.872016979e-18 -1.585503614e-17 -5.939018385e-17  2.680241543e-17 
-7.8930  0.9112 -5 1   0.009404802822   0.008738599312   -0.01149252322     -0.010678439 
-7.8930  1.8225 -5 2 -1.964901516e-16  2.116090481e-16 -4.965002748e-18 -7.698037462e-17 
-7.8930  2.7337 -5 3  -0.004297765095   0.004560279122    0.01070336527   -0.01135715781 
-7.8930  3.6449 -5 4  -7.35100503e-18  6.020889158e-17  1.235570037e-16  1.156172907e-16 
-7.8930  4.5561 -5 5  0.0009838505136  0.0009404404124   0.006216630896   0.005942330287 
-7.8930  5.4674 -5 6 -1.558302384e-16   1.70866777e-16 -1.070989761e-16 -1.090360556e-16 
-7.8930  6.3786 -5 7  -0.001950355813   0.002011639025  0.0003094486397 -0.0003191732012 
-7.8930  7.2898 -5 8 -5.056686876e-17 -2.999795186e-17  8.318687368e-17  7.256830428e-18 
-7.8930  8.2010 -5 9 -0.0003200475541  -0.000314626144   0.001584494706   0.001557897783 
-7.8930  9.1123 -5 10 -2.792991919e-17 -4.269559134e-17  1.070107447e-17  1.485959853e-17 
-7.8930 10.0235 -5 11 -0.0002788324889  0.0002793769064 -0.0001161088978  0.0001160747195 
-7.8930 10.9347 -5 12  2.182394267e-16  1.094900332e-16  2.133318319e-17 -2.647942402e-17 
-7.8930 11.8459 -5 13 -4.307612182e-05 -4.258741289e-05  0.0002329940249  0.0002347307798 
-7.8930 12.7572 -5 14 -1.331805716e-16  -3.13240824e-17  2.657324789e-17  1.265724724e-16 
-7.8930 13.6684 -5 15 -3.681188257e-05  3.584916446e-05  2.385714937e-05 -2.866258156e-05 
-7.8930 14.5796 -5 16  -4.04295679e-16  1.035799374e-16  6.156107333e-18 -1.657900657e-16 
-7.8930 -13.6684 -5 -15 -3.957470367e-05 -3.277377181e-05  2.608415975e-05  2.665189995e-05 
-7.8930 -12.7572 -5 -14 -1.950649448e-17 -7.598159019e-18  -7.79422389e-17 -9.971008752e-17 
-7.8930 -11.8459 -5 -13 -3.951303419e-05    4.5912527e-05  0.0002133695503 -0.0002527017801 
-7.8930 -10.9347 -5 -12 -8.829168341e-17 -1.568637238e-16  1.572995018e-17 -2.116416047e-17 
-7.8930 -10.0235 -5 -11 -0.0003003895372  -0.000256056905 -0.0001250645159 -0.0001063648604 
-7.8930 -9.1123 -5 -10  4.259739603e-17  6.237395315e-17  1.637543785e-16  -3.54380908e-17 
-7.8930 -8.2010 -5 -9 -0.0002937184122  0.0003393369148   0.001454124547  -0.001680235333 
-7.8930 -7.2898 -5 -8 -2.421490214e-16 -5.679587954e-17 -2.986263894e-17  1.123934209e-16 
-7.8930 -6.3786 -5 -7   -0.00210576189   -0.00184833607  0.0003341058785  0.0002932631156 
-7.8930 -5.4674 -5 -6 -6.848521398e-17 -2.765222359e-16   1.17425402e-16  9.438995221e-18 
-7.8930 -4.5561 -5 -5  0.0009050627406  -0.001016489763   0.005718797132   -0.00642286138 
-7.8930 -3.6449 -5 -4  2.220425735e-17 -2.044997549e-16  9.585999597e-17  1.932256262e-16 
-7.8930 -2.7337 -5 -3  -0.004650462451  -0.004200015413    0.01158174127    0.01045993933 
-7.8930 -1.8225 -5 -2  2.000469018e-16 -2.225020288e-16 -1.472511716e-16  1.754686106e-16 
-7.8930 -0.9112 -5 -1   0.008671853869  -0.009466381807   -0.01059687047    0.01156777791 

-6.3144  0.0000 -4 0   -0.01236899011  0.0003983119067   -0.04750283145   0.001529708017 
-6.3144  0.9112 -4 1  1.047127778e-16  4.827799888e-16  9.190824039e-17 -2.908974503e-16 
-6.3144  1.8225 -4 2 -0.0005313304817   -0.02114964583 -0.0007595238734   -0.03023252287 
-6.3144  2.7337 -4 3  2.115254186e-18  6.107991789e-17  6.127771446e-17  1.565709964e-17 
-6.3144  3.6449 -4 4    0.02327979864 -0.0004200764902  -0.004401052607  7.942732323e-05 
-6.3144  4.5561 -4 5  1.077654679e-16  5.891556544e-17 -5.999633075e-17  -7.79965185e-17 
-6.3144  5.4674 -4 6  6.878482459e-05   0.006267077375 -0.0001712216648   -0.01560665892 
-6.3144  6.3786 -4 7 -9.366135013e-17  -5.34671991e-17 -1.695875846e-18  5.190137895e-17 
-6.3144  7.2898 -4 8   0.002985368809  -1.16524956e-05   0.003156870991 -1.219117671e-05 
-6.3144  8.2010 -4 9  1.687693466e-17 -1.062453165e-16 -1.980650805e-17  2.795423901e-17 
-6.3144  9.1123 -4 10 -2.855806078e-06  0.0009587434779  7.823413379e-06  -0.002437803355 
-6.3144 10.0235 -4 11  4.684601801e-17  1.689149738e-16  1.293267669e-17  5.995879168e-17 
-6.3144 10.9347 -4 12   0.000404681054  3.594149915e-06  0.0003112528002  3.962783874e-06 
-6.3144 11.8459 -4 13 -1.241904464e-16 -9.427222061e-17  2.424861273e-16 -9.456049769e-17 
-6.3144 12.7572 -4 14 -5.918064086e-07  5.818700717e-05  8.049805469e-06 -0.0002997246205 
-6.3144 13.6684 -4 15 -1.265760761e-16 -3.572984927e-16 -5.651014412e-17  1.852584103e-16 
-6.3144 14.5796 -4 16  9.776657546e-05 -3.148324295e-06 -3.160468473e-05  1.017748564e-06 
-6.3144 -13.6684 -4 -15 -2.647744291e-16  -2.39277612e-16 -5.427601833e-17 -1.295760921e-16 
-6.3144 -12.7572 -4 -14 -4.334227494e-06 -5.802837676e-05  2.731687043e-05  0.0002985857266 
-6.3144 -11.8459 -4 -13  1.241372351e-16  -1.65561872e-17 -3.688984042e-17  3.864917964e-17 
-6.3144 -10.9347 -4 -12   0.000403611375 -2.962315429e-05  0.0003103529732 -2.398001854e-05 
-6.3144 -10.0235 -4 -11  1.693459257e-16 -1.109433589e-16 -1.090498825e-17 -3.894524463e-17 
-6.3144 -9.1123 -4 -10  -6.45337196e-05 -0.0009565733694   0.000164651086   0.002432249251 
-6.3144 -8.2010 -4 -9  2.839569588e-16  1.855807495e-17 -1.192294421e-16 -9.395700007e-17 
-6.3144 -7.2898 -4 -8   0.002979933278 -0.0001804449043   0.003151114791 -0.0001909414819 
-6.3144 -6.3786 -4 -7  -9.49992593e-17 -2.588612043e-16 -1.213161904e-17  5.467186147e-17 
-6.3144 -5.4674 -4 -6 -0.0003345701708  -0.006258518433  0.0008332374373    0.01558534038 
-6.3144 -4.5561 -4 -5  1.519542318e-16  -2.31205761e-17 -1.153254712e-16  2.623540633e-17 
-6.3144 -3.6449 -4 -4    0.02325859339  -0.001078574206  -0.004397044504  0.0002038930453 
-6.3144 -2.7337 -4 -3 -2.224654137e-16 -2.136465363e-17 -3.797137267e-17   1.23932694e-16 
-6.3144 -1.8225 -4 -2  0.0008305005173    0.02114001182   0.001187155873    0.03021875206 
-6.3144 -0.9112 -4 -1  2.883716814e-16   1.90521763e-16 -4.886624037e-16 -2.311558141e-16 

-4.7358  0.0000 -3 0 -3.220466393e-16 -8.090363172e-16 -1.681224058e-16  4.440699348e-16 
-4.7358  0.9112 -3 1    -0.1195192761      -0.11469232    0.07392771444    0.07094202097 
-4.7358  1.8225 -3 2  3.392809105e-16 -2.009268924e-17 -5.548562743e-16  3.436116101e-17 
-4.7358  2.7337 -3 3    0.04332630411   -0.04451509518   -0.06993251485    0.07185130693 
-4.7358  3.6449 -3 4  2.746296002e-16 -1.030907005e-17 -3.348657216e-17 -1.899415606e-16 
-4.7358  4.5561 -3 5   -0.01505846817   -0.01486516308   -0.02152125744    -0.0212451165 
-4.7358  5.4674 -3 6  2.867897258e-16  1.054811757e-16 -4.199581787e-17  -6.12213645e-17 
-4.7358  6.3786 -3 7   0.009086022356   -0.00907487178    -0.0111021689    0.01108843313 
-4.7358  7.2898 -3 8 -2.340817995e-16  3.911171099e-17 -3.401078908e-17 -3.517462603e-17 
-4.7358  8.2010 -3 9  -0.001893935595  -0.001922986575  -0.003374338665  -0.003426761284 
-4.7358  9.1123 -3 10 -3.744780424e-17  9.032300826e-17 -2.665129825e-17 -7.954956863e-17 
-4.7358 10.0235 -3 11  0.0006851889939 -0.0006648524769  -0.001745955267   0.001694181301 
-4.7358 10.9347 -3 12 -3.977867736e-17  2.092498529e-16  8.866380009e-18 -6.274641132e-17 
-4.7358 11.8459 -3 13 -0.0002803282108 -0.0002914930255 -0.0001238985761 -0.0001275071255 
-4.7358 12.7572 -3 14 -8.581467912e-17  2.219095855e-17 -2.714360654e-17 -6.749783147e-17 
-4.7358 13.6684 -3 15   -1.6218568e-05   2.15531809e-05 -0.0001766525085   0.000160722446 
-4.7358 14.5796 -3 16  3.192572704e-19  2.764439615e-16 -2.209325684e-17 -1.114987696e-16 
-4.7358 -13.6684 -3 -15 -1.723999792e-05 -2.074521695e-05 -0.0001842043936 -0.0001520084037 
-4.7358 -12.7572 -3 -14  1.077494246e-16 -1.707432754e-16 -6.854049527e-17  1.144772251e-16 
-4.7358 -11.8459 -3 -13 -0.0002659316073  0.0003046842134 -0.0001175996163  0.0001333388707 
-4.7358 -10.9347 -3 -12 -3.257603097e-17 -1.260678429e-16 -6.847937015e-18 -6.427968298e-17 
-4.7358 -10.0235 -3 -11  0.0007164816033  0.0006310046637  -0.001825695348   -0.00160793239 
-4.7358 -9.1123 -3 -10  2.004545202e-16 -4.686415909e-17  2.079364881e-17  6.458777448e-18 
-4.7358 -8.2010 -3 -9  -0.001798908862   0.002012162099  -0.003205001828   0.003585640473 
-4.7358 -7.2898 -3 -8 -1.447521854e-16  4.127233545e-17  3.084678212e-18  -1.36818834e-17 
-4.7358 -6.3786 -3 -7   0.009513459866   0.008625727879   -0.01162444748    -0.0105396264 
-4.7358 -5.4674 -3 -6 -3.001800499e-18 -1.099072293e-16 -1.589168598e-16 -2.269256251e-17 
-4.7358 -4.5561 -3 -5   -0.01432340089    0.01557468215   -0.02047070807    0.02225914662 
-4.7358 -3.6449 -3 -4  2.900875216e-16  1.549332048e-16 -1.804384688e-16 -3.694656497e-16 
-4.7358 -2.7337 -3 -3    0.04542446869    0.04237192432   -0.07331913833   -0.06839203826 
-4.7358 -1.8225 -3 -2 -5.284828739e-16  7.753919079e-17  3.101152993e-16 -1.885248368e-16 
-4.7358 -0.9112 -3 -1    -0.1138439691     0.1203276208    0.07041729844   -0.07442769231 

-3.1572  0.0000 -2 0   -0.09084548497   0.001462345021     0.2903403383  -0.004673625205 
-3.1572  0.9112 -2 1 -1.272082852e-15 -2.626278395e-16  2.521978328e-16  9.330969969e-16 
-3.1572  1.8225 -2 2   0.001694480673     0.1878144594  0.0007931330365    0.08791782913 
-3.1572  2.7337 -2 3 -4.058471347e-16 -6.435436473e-16    2.7160549e-17  2.880753696e-16 
-3.1572  3.6449 -2 4    -0.1656674018  0.0003226075171     0.1024651882  -0.000199522141 
-3.1572  4.5561 -2 5 -4.865919866e-17  1.430230138e-16 -3.128289955e-17  1.305907406e-16 
-3.1572  5.4674 -2 6 -6.339817726e-05    0.01238156185 -0.0002436875633    0.04752740183 
-3.1572  6.3786 -2 7 -5.190726169e-18 -1.349457426e-17 -4.822595221e-17  -1.48664266e-16 
-3.1572  7.2898 -2 8   -0.01284107579   -0.00015684264    0.01569193983  0.0001916086702 
-3.1572  8.2010 -2 9  5.240575256e-17   3.12120937e-17  1.744910105e-16  1.371180255e-17 
-3.1572  9.1123 -2 10 -5.751923315e-05    0.00298638825 -6.056115827e-05   0.003160811172 
-3.1572 10.0235 -2 11 -1.298629474e-16  -8.81686371e-17  8.605217108e-17   8.56984912e-17 
-3.1572 10.9347 -2 12 -0.0004382148539 -1.269367602e-05   0.002220142267  5.862500786e-05 
-3.1572 11.8459 -2 13 -5.768956818e-18  2.131622432e-16 -2.824559203e-17 -1.064794242e-17 
-3.1572 12.7572 -2 14 -1.285860009e-05  0.0003124748426  9.095570025e-06 -0.0001187852619 
-3.1572 13.6684 -2 15  1.502500924e-16  3.142745664e-16  7.444926655e-17  8.517126877e-18 
-3.1572 14.5796 -2 16  7.603470419e-05 -1.223935012e-06  0.0003249410612 -5.230595045e-06 
-3.1572 -13.6684 -2 -15 -2.622334938e-16 -9.229597279e-17  1.966948484e-16    8.6341874e-17 
-3.1572 -12.7572 -2 -14 -2.290918334e-05 -0.0003118990865  1.291405344e-05  0.0001184309718 
-3.1572 -11.8459 -2 -13    6.5503544e-17 -1.827884103e-16  1.059512253e-16  -1.66758513e-17 
-3.1572 -10.9347 -2 -12 -0.0004375792606  2.679138448e-05   0.002217105129 -0.0001300516357 
-3.1572 -10.0235 -2 -11  9.923005354e-17 -3.827537281e-17 -9.149004811e-17 -2.792110914e-17 
-3.1572 -9.1123 -2 -10 -0.0001536086552  -0.002982989712 -0.0001622629413   -0.00315722436 
-3.1572 -8.2010 -2 -9  6.155902452e-17 -2.370728387e-16  9.874260099e-17 -8.711564418e-17 
-3.1572 -7.2898 -2 -8   -0.01282937478  0.0005700613664    0.01567764282 -0.0006965666551 
-3.1572 -6.3786 -2 -7 -8.570677302e-17 -1.012622811e-16  1.903318036e-16   6.17504905e-17 
-3.1572 -5.4674 -2 -6 -0.0004618755041   -0.01237310649  -0.001773267608   -0.04749493478 
-3.1572 -4.5561 -2 -5  -4.96264847e-16 -2.109530359e-16  4.541691187e-16  1.825577255e-16 
-3.1572 -3.6449 -2 -4    -0.1655919535   0.005009693471     0.1024185232  -0.003098502803 
-3.1572 -2.7337 -2 -3  5.898612829e-17  -7.43023971e-16  2.916885093e-16  1.362287683e-16 
-3.1572 -1.8225 -2 -2  -0.004351351309    -0.1877716916  -0.002036981417   -0.08789780683 
-3.1572 -0.9112 -2 -1 -6.880831102e-16 -2.540106229e-16  8.468236004e-16  5.053559158e-16 

-1.5786  0.0000 -1 0   2.50354163e-15  5.755928175e-15 -1.128486965e-15 -2.364253354e-15 
-1.5786  0.9112 -1 1      2.190538888      2.170865612    -0.9838855524    -0.9750492669 
-1.5786  1.8225 -1 2 -8.807470038e-16  4.061200587e-16   7.25024944e-16 -5.051931673e-16 
-1.5786  2.7337 -1 3   -0.06442708025    0.06409753815     0.2058168996    -0.2047643848 
-1.5786  3.6449 -1 4  6.022439311e-16 -1.799962439e-17 -1.327812434e-16  1.243635891e-16 
-1.5786  4.5561 -1 5      0.116027108     0.1182855221   -0.07176562714   -0.07316250329 
-1.5786  5.4674 -1 6  -1.63858939e-16 -4.543400304e-16  7.507669603e-17  2.882357211e-16 
-1.5786  6.3786 -1 7    0.01521686362   -0.01471653318    0.02173923957   -0.02102462336 
-1.5786  7.2898 -1 8  6.924072621e-16  -1.34150974e-16 -4.080037741e-16  3.675321232e-16 
-1.5786  8.2010 -1 9   0.004324451288   0.004535624315   -0.01077481059   -0.01129997008 
-1.5786  9.1123 -1 10  -5.29087091e-17  3.152107991e-16 -2.976006574e-16 -7.390373675e-17 
-1.5786 10.0235 -1 11   0.002038758334  -0.001915605547 -0.0003204794844  0.0003002772044 
-1.5786 10.9347 -1 12 -1.321913487e-17 -1.798006436e-16 -2.343504697e-16 -6.751588684e-18 
-1.5786 11.8459 -1 13 -0.0001274828207 -0.0001374927442  -0.000939018846  -0.001008585713 
-1.5786 12.7572 -1 14  7.751863837e-17  -5.92693415e-17 -6.134696808e-17  1.810254483e-16 
-1.5786 13.6684 -1 15  8.514471129e-05 -6.876119401e-05 -0.0002802568522  0.0002590722934 
-1.5786 14.5796 -1 16  8.994651733e-16 -1.363089401e-16 -2.749697153e-16 -1.106768043e-17 
-1.5786 -13.6684 -1 -15  8.624039183e-05   6.73818854e-05 -0.0002843903113 -0.0002545280087 
-1.5786 -12.7572 -1 -14 -9.345179524e-17  1.077228014e-17   9.41671306e-17 -1.369550269e-16 
-1.5786 -11.8459 -1 -13 -0.0001252533655   0.000139526767 -0.0009226640531   0.001023568551 
-1.5786 -10.9347 -1 -12  2.245125924e-17  4.231706492e-17  -2.11776589e-16  8.850909325e-17 
-1.5786 -10.0235 -1 -11   0.002069325868   0.001882543655 -0.0003252709253 -0.0002950802002 
-1.5786 -9.1123 -1 -10 -1.963746509e-16  -3.17898944e-16 -2.144180749e-16 -9.278263675e-17 
-1.5786 -8.2010 -1 -9   0.004250890382   -0.00460463873   -0.01059154219    0.01147192665 
-1.5786 -7.2898 -1 -8  7.256983963e-16  3.781524186e-16 -3.838313681e-16 -2.867077139e-16 
-1.5786 -6.3786 -1 -7    0.01545175475    0.01446971191    0.02207481437    0.02067200752 
-1.5786 -5.4674 -1 -6   1.84935751e-16  3.758201356e-16 -2.212916647e-16 -1.346068542e-16 
-1.5786 -4.5561 -1 -5     0.1141082765    -0.1201376534   -0.07057878267    0.07430809218 
-1.5786 -3.6449 -1 -4  6.790913466e-16  6.445760925e-16 -3.454538952e-16  3.500929741e-17 
-1.5786 -2.7337 -1 -3   -0.06545038298   -0.06305228334     0.2090859168     0.2014252437 
-1.5786 -1.8225 -1 -2  2.874734876e-15  2.674293926e-16 -1.444589699e-15  1.438550881e-16 
-1.5786 -0.9112 -1 -1       2.15531512     -2.205841078     -0.968064716     0.9907585775 
